011111001111110111000101011110
001011011011101100011010010101
000101101110101111001101011011
001111101101111111111011000010
001100010111011110001001000110
110001101101101101011111101011
101110001011101100011110011110
011001101011111010111011111011
011100111010001101011110010110
010010000100001010010111100011
010011001111100100011011001010
011000100110101100010100100011
010010101100000000001111010101
011001111010000001010001110011
110101100010110011100110000100
101111000110111000001111001110
111101011001001000100011011011
110011110110110101011000100101
010111110111011010110111101011
101010001110101011000010101110
110001011101101100001101100010
111100110000011011111101100110
111000101000011111011010100101
001001000011001010000011101110
100010011011001101000000000101
100101011010001000110011011110
110101011110100110001100101101
011110010000100100001001111101
101001110000011111011001111110
001000101101000110010001001010
