101001010100001101100010010010
011000001110000110111000010010
101110111001111100111000001100
110011100000010101001001001100
011000101011000111010011011110
111011001011101110111111000000
110100111111110101101011100011
010101010100000101000010100000
110110101000111101111001101011
111000111000010100110101010001
101001111100010011001011000010
000101110101101010000110001101
110000110110101010000010101000
110111010101000011111101011000
100010000011011101111110111110
011111100001011101110000010111
011110110011111011010100100110
101110101100010100000001010101
110111111001101000001101101101
001011000101010010101111101111
111111110101101001111001110000
001110011101000100000001101110
111100110100101101111010001101
001110110101111100110011101010
100111000110101110100011101010
000100100001101110110001101101
001001000010001011100111000101
000001001100010101001001001110
100000100101001000100110111100
001101101110111001000101010011
