010110010001000001001011011110
101001110010001110010011110100
101100010101000010010011010101
111010011010110011100010110101
011101000001111000010111011000
001111011011101011010110100010
001010100001111010100010101000
001101111010010011010111011001
010110111100011110100111100100
110101001100011000001100110111
010011001001100110111101001001
100000100001111100111001111101
101100111110100101101000100111
000111111101011110101111001001
101000110101110001100100010011
101100000011000000011001010011
000011000010001011001101110001
010011000110011001100000100101
110001101010001100010011100001
001011101110010101111001110000
010001111010111100010101000101
000001101000011000101100100111
100000010111101001000101010100
001111101010011101001101010110
000101101010010100011011010100
100000110011110100101001000110
001010101011001110010000100111
000110001101111111010110000110
011010111010100011001001010100
101011101111111011101110100101
