001100001111111100001111000111
110001100100001101111110001010
000011000000010101111110000011
001100000110100000100000110111
010010010010001100001111010010
010010101011100011001100000100
100010010100000101111011111110
010001100110100011010100001001
100101010110010010001100111100
010011100010010111001110000010
101101100011001011111010001100
001000111011011110010110000011
110001111001001010011010011101
110010110100011100110001100011
111001011101001101001001001010
011111001101000010000101011101
010001011010011100011011000001
100010101100110010000100001111
111011001011110111001111101110
110001110001011001000110101111
111100110110001000011010110011
000100011101110010111110110011
000000001000101010001001111010
111011101000001101100111110100
001001110001001100000001111010
000010001010101010100110010100
111110101111111111100100011000
001111000001100001001110101101
000011001100010011010001111110
011101000100011110000000010110
