011100001101001000011101110001
110001111111111101100101010110
001010010110000000110000000010
111111111011101111010011010111
000101000111000000111110000111
011001111100000111011000000001
000000011100001010011100111000
100100101001110110101110010000
100001011000001111100101101001
110000101011000010110000000111
010111101001000110000001101110
001110101111110101111110011001
001011010000100100110011110010
010110000001100000000010101011
010000111001011011101000010011
001011111011100111111100010101
100110101100010010011001111001
011111111100000001101101101101
111000001001101011010001000100
101111011110101001011100110111
101000010110110000101110011000
010010000010111000010101000001
101000001011001011000011001101
111100110100101110011011001111
101111110110110011010100101011
001110100001101000110101111100
110101000000110110001101010001
110100000100100011010011010110
111101110111110101001111110011
011011101011111111100100101011
