011001001111100111101000110001
010101110011101010010100001011
111011100000010010110111101000
011101011010101101011001100101
000101111000011010101111000011
010010010100100010100011110000
100100010110101000101011101010
111011111111010010000110111011
110110001010101010100011000001
010110000111100001000000001011
000101010000001011110110010001
001010101101011110010101110100
111000100010011111001110000000
010110011010011110011001100101
000010011100101000010000000000
001111111110010001001111011111
010101110011111010111010011111
101000100000111111111110111001
001111100000100111101000110010
001001000011100101110100000110
101110010100100100010011111100
100010101110110100101010001111
101010101101011101110000000000
000001111011100101111001011000
001010010101001010010010100001
001000111011100000111111010011
010111010100010011100011011111
101110001100100100011001100000
010010101111101101100100001000
001001000010101001101101001011
