100110101000010100011110011111
110101101100001111000010010011
011001011000011001001101100010
100010000110110010110011001110
101000000100000011101100000101
110001010011011101001101000110
010010011011000101011010101000
111110100001011001110011000010
100010111101010100100111100111
000111001010111001010000110011
001100101110000000101000111011
011000010100000010111100001110
000110101110101010101110100111
111101110111111001011001111011
000111000100111111100111101011
010111100011011010001110011100
100000001000101011111100110100
010111101111001011111010010110
010111111001010010110010111100
000100111100111100110110010110
101011011111011000100101100100
100101100110100010101101010101
100010000110110011110001000000
001000110000010001100110101010
000010101001111011101111011001
000111011001111100001101011110
111101110101100010111110111011
110011110001101100101010100011
011110111100110110010010000011
110000110000011101000111001000
