101011101101010011101110110010
000111101010000101001011111110
110110010100010110000010111101
011101101010011111011000100110
110101000011100101110010011000
010100110111011000110101010000
101000101110111001100001100101
011110000110101111001010111100
010101110000101001101000001100
100111001110101101111011110000
111010110100100000011001111111
110110111011111111110101010001
001101001011001111000011110111
011001110110111001111111110000
001111101101100011011011011110
001110011010000001110010001101
111101101110101001010010100101
001100011000001110111001101100
000000101000101011000100101110
111100000011001000110100000011
000100011000111011000011111001
100010111010000101010101111111
101010001110111000011100000010
001100001111100110001110001111
110001110110001010001000001111
111101000111101111001011110110
001010100010011100101010010101
000100000010110100001010010100
000110111100111011110010110010
001101100010010110110010111011
