011111000001001001101101110011
010000101000011110111110011110
111001001011001011101101000100
111101010110001100010010001111
000101001101001001011010100111
001110111100111100110110111110
010010000111010100101001110110
011101011001100100101100111101
011100111001010101100110001000
111000110011110101000100001111
000111110100111000101001001000
101110101110101001001110100001
001100000000100111011001010001
010011000110011000100110111111
001100110000100011000110110010
100001000110100001000101001011
111001100100000110111000001010
110100100001111111001001010110
010001011010011000100001111011
100101000100000101111011001001
101000010111101001001110000100
001010110101110000011010010110
000000101010000000100110001011
111101011110111000000101010001
010011111011110110010111110101
111111000011001110100001000001
110101000010110010011110110010
110010010010111110100010010111
011011011000001100111010011110
000001100011110111001110010100
