011000110111010000010000110001
110011010110110100001000010100
110000011111100000110101110100
101110111101111000000110010101
000011000000111100000111111001
101110010110001010000000011011
011001111111000011010100100100
110110100110000011111001011111
101100001101110100010000110101
110110110010001001010001000011
000101001111001011001101010100
110100011110100111010111100101
001011000110010011011011100011
010111011001101001100110101011
000011010111010000000100111110
000010011100111011100101001001
010010110000111100001000001111
111001110001110011111100101101
110111011101010111101100011000
011111111111010110001000101100
101010011011010111001110101100
000010001101101101100011110111
010100101010000000000101000011
011001111011010011101111001000
001001101110110101010011110100
000011011101101111110100000000
010101101110111100001000010111
000100101111011100000101110010
111110101000100011101101101110
100111011001010110101110101111
