101101001011100100000101101000
101011110000111000111101000111
110111011101110010010101001110
101000010100001101111011000000
000010111010100000010010100101
011110100100101011100100010100
111101111011111100011011100110
100000110100011101010110010011
010111011010110000110010011100
101110110101100101011000100011
011100000011101100010000110101
011000011101000100110101111111
111011000011111110011001100100
011000110101100101111110001011
101000110101011011110100110011
101101110011101010110011101010
010011100110011001100100010001
000001011010010001010101001100
110010100110110101010100001110
001100011000010010001011111001
111010110010010111000101001000
010011111011010000010110100010
010000001110100111100011111010
101000000111111010110111110011
011100000010101110101111100111
101101001101010001000101110011
110100001010010101001000101101
110001101100110111000110101011
010000111101110000001110111000
110100000110111000010000001101
