100001100111010010100000101011
110111011010011010111111110010
011110111010001111100111100111
110110011001010100100110011100
001100100111110110011001101101
111110101101100001000111100010
101111010000011000001110001111
010100010011000100010001000111
010111101000000000010001100101
101001110111110100001110011001
000111100001000111011010111011
111001100011001111101011001001
010011010101111010100011000100
010110111110000110010101100001
001101010001010101011110001010
010011000011011111001011100001
010010100101000001010100110011
110101011011001110010101011010
001010100111110011100110000110
000010010100101101010011101101
000010011010110101111001011111
111000110110101010100111011110
101000100011100101011111100101
111111110101101001101001011011
110110110011001010001111000001
101001001001000001100010110100
100000110110001101000000111001
111100011110000010000000001111
010010111111101000000000111101
111001101100010010100000100111
