010010101010011101001001010111
001100000000011010110011001000
100010001011001100110000000110
011110101100100011101101001100
110000111110010010011110001110
111101011011011001000110001101
100101110001010100100001001101
100011111101000000100011001010
110100100000010000101000000001
010100001001001011001100000000
010100110011101101011001011100
001110011111111000000111010111
101000110001100101010110110011
111001101111101001101111101001
011011101001101101110111100011
000110101110101001001110011000
011001010110101101101000000011
011000111111101000100010110001
111110011010100100000101001100
100000101001100111010111000011
110100011000011111111111000010
000101101110100111010111110111
010111110011101001000000011100
000110111110000111001100110111
001011011101110110111111100010
000100100100110101111110110000
000100111101111100000000100101
100010111001100000111010001000
101011101110101010011100111001
111011111101010110011111111110
