111011000010100111000010000000
010010101010110010110001000001
111100000100101011101100100110
110001100010110011011001111011
010111000010111100100001010001
001011011011110110100000111111
110111101111111001001100101001
001001000010001001111110000001
100110000001010011001101110010
111111111001110010100100011110
110100010001011101100111111001
110111001110010101001010111110
110001001100111101111011011010
110111010101111111001001001111
110011100000001011000101100100
100010000101010011111110110011
111010111000011110001010111111
101101110110100100100010111100
110000110100010100110011000111
001000110100010010110110011011
010011010110001000111100011110
100101101001111111010100111110
011010101011110111010010000010
111101111010011001010000110011
001111100001000111101110001001
101010011101010000110001011100
100001101010111110110100010010
111100100101011000011010001100
110111100101010100101101011101
111100101010010011000011010010
