101101110011001001100000101001
000100111101111011111000010011
011011110010010100001011110001
100011011111111100101001000111
110111101111101100000110000000
101101110111101111001110011111
100110100010010100100000000010
111110111000101101111011111101
111001000100000110110110101010
011111010100110101001110110001
010110010111001110011101000111
011001111011000001011010100000
101010001100110000111101010000
010100001010110111101001111111
100000001010100100010110010001
110110101000110011010111100000
111011110011001100101000111011
010110110000111011111000010001
001111100000111100010010001000
011101110110110100111100110100
101100011111011100111011000011
010000111001011011101000010011
010010000001000011100001110110
011011001000010111010110100110
111111110000110000010000110101
001101111110101100000101001010
010111011010010000001111110100
011010010100101110010000000011
001111111101100000001011011101
010100010011010000101010011101
