101001110010010010011001010101
101111000100101000110001000110
001111000111110111000110011101
001000110001010000001011101010
001001010001011100111100101110
110010001001010011011101000011
011010010111000001001011010100
011110011111111101010110001101
110000011111100100000011101100
110101010011100010110001110011
011010101001010001010110011110
101100001100010011011111010101
001111101101100011011111000010
110011001000100011011100001011
000100101111011011111010011001
100000000111100110000001100110
111000101011101110100111110001
111101010011010110011000001100
000001011000101000011010111101
111111100011110100110010000001
101001010010001010100001011100
110100000101100001000111110111
111011011010001000010110000010
010011000000000001111110111110
100001111100110010010101100101
110010011100000111001101011100
110100101010100010100110011011
001010101001001010110100100010
001010000111011010000111011011
000010011000001000001010011111
