001100100110111111001001110010
110111110111101010000101010001
110110100000010110100000010001
110111101000111011101010000000
000011110100000111101101010001
000010110100011101000111101110
101101000010101111110000110110
100111000001010111110001000000
010011110000011101111011001011
001000101000100001000110010110
100001001011010001011001010010
100110111011101001111111010001
010110100001011010001011011010
001101111011000111101000001100
000110100101010010011011001010
111001001000001100011111110100
100011010000010010000010011111
001011000110011101100011001000
101110011101001100010010101010
010101011101011011100100110100
000000111011001110111100001011
000001010101111010111101111101
111010111010101101111011110100
111001000101010001000110101010
000111101001011110000101110001
110100011110110001010100110010
011001101000000100011101100110
010011001010100001110010100011
001011000001111111100111010010
010100000110111110001011110011
