110101001011001000100001000100
001111110011011110011100110000
010111101000111100001000011111
101110001001110011000001001010
110111010100111010111101101101
011000000001101001001010111000
010001000110011101110101001100
011111010101111010011001100011
110010001111000110110010010000
011100010001010101010000110100
110001010001010000110010101010
010011011100010111010111101110
010100010000000010101110000101
111010001101000011101001111010
011111010010101110010101101010
100000111010110001011101010110
011111000000010100110110011011
101111011001010100101111100111
010101110001011110110110000000
000111011100101100000010111001
101101010011100100011011100000
011110101000110010110100001101
101011011010100101000100101011
010010011000111011111100010110
010010101011001101111010000111
010001010110101000111100000010
110111010101001011000111110110
110010100110000000111010001010
011111100110001011100111000100
100010010011100001111011101000
