000110110001010000011011000010
010000010100011010110010111101
111010110000011000100010011001
001011101101111101010111111001
011111000011111100101010011100
100011011000011111011101110010
100011101100111001110101111110
000000011111010001010110001111
110101101000010110110101010100
100110011110000101010110000111
111100110101010111010001111100
111110001011110100011000100110
000011010011000101110110110000
110010100010111001110011010000
000000100100000010010011100110
111110010101101111111111111000
111000010001010111001010011000
110101100110101101011101110000
111110010010010010010100011100
011100001010001000000111010101
000010110000000111001011000100
010101010001001101000010011001
010110000011001001101010011101
011110101100001110100111110111
001001100101100111111110100001
100100101110011100000111111001
101001101110100000110010000001
010110010011001110011111010000
101001000011001111111111000011
001011000001010000100101110100
