010101000001110100110011100101
101100010000010001010101011101
010110000100010100111111110000
101101011101100100011101111000
101010010011011110100010111010
100001011010110101001001111000
010001000111011111100110110110
101001110110000011101101101101
001011100100001111001101001001
000101110101011110010101001100
001000000101101110000110010011
000010100011111100100001100110
001011010001010001000011001111
010000000111111010011010110111
011111000111010111101011111101
110011100100110011101010001011
111011010111101111010111000100
100110000011110001011000111011
110001000110000001011000111001
010110011101010110100100001011
101001000011011011011111110110
100000100111101000110101000101
111001100110100100110110101100
001100110100010011101110110010
100011000010100110111001111011
110011111100101010111011010001
110101110111010000010100101100
001101000011011110111110011000
010101001111100110010111010011
111000010110000011101000011100
