100001010001001001111100001001
000001001101111111110000101111
110110111000111111001111010111
010110010010110011111100001010
111111100000010110001101000010
101000001110110011101111010101
010010000110100101011000110011
100001011001000000101110111110
010000001101011101010010101110
111101111111101011001110100101
100110001001010100000111001110
010110001000001011001100101001
101000100001000001101111100010
010011000000111011000011011000
001011001010001101001001001110
110110111000001110011010101110
111011010010000110100100100010
001011100001010011100011011001
001111101000100000100100100100
111110000110001101111010110111
000110100110101110011111011000
101000100100111000010111000101
111011011000101010111101001001
000001010111010111001010111010
100111010100110101010001001100
101110100111010101001101110110
000101001001011100011100111000
001111011101000100100011010101
111111101111000101001000010100
000001000101000011011010101010
