111011000010101011100011101101
010000010100110000101111111111
011110100101001001110110100010
001101000110010011100101101111
101011001111100100110111000101
000110110001010101011101011001
111000000111110001100111111001
110110111000110011011000011111
011100101001110110000000000011
101001111010010000010011010001
010111101011111111101001001001
111110110111110010000100001110
111001001111001101011101111000
001100000100011001010111000001
001101010001000000011111001101
001011110011111000110110010000
101110111111000010011001011010
000101011000110000000010000001
001110000110110111100000011111
011110000100000011110101111100
111110100110111101001110101101
111010101011011101011100000111
101111000000011000100100011001
100111111011101111010000110000
111100011011100100100100101101
110011100001010110100100010010
111010011111100001010111101000
000000110010010011100110010011
001100010100110100000010111100
100110110110011110101100111110
