000000010110001000000110000000
011111011001101100111110100100
001111100101110110000100111000
111100010001000111011000000001
101110100110101000011001010110
111111111111111111100100000010
100110100111011111101100100011
001001000011011111001001001010
000100000110110000100011110101
010010011100111001011101100111
101110111011110111000111010010
111010000000101010110001001101
010010011001111100101101111100
110100101101001110011000010001
010000001110100101100110100110
100011100011110100001111001011
000111001110100111011111100100
110101011100000101000111110100
100101011000010111110000011111
110001010110000000100010000101
000001100001111001010111110000
100100110110110111101101100011
101110011101000011011100111111
111101101010000000001010001000
111101101000101000010001001100
101101111001110110101101010100
010000001110110110101100111101
110000110100110001100001000010
010000100101100101110000010011
101110111110101110100110101101
