010110011111100101011010110001
011110100110111010010101011010
010001011011111000110001110110
011010011101100110100001010001
000110010111010111110111101010
001110110101110000100101111110
100011000001101010001100010101
010101010101011111011000010111
001110101000100111010011011110
000001101001000101001110110011
100001101101010010101001010111
000101000001001001001001010110
010101111011011010101001001010
010110010010101100100100010100
000000101101101010111101010001
011011100100011101110100010010
110001000001000001011000010011
100101001100000011000011101010
101111111101000110111100010001
000001011101111011010110100111
110001001111100001101101111000
001000110011111110100101110110
011110101000111011011011111000
101110011111011111010001010110
110000010100001001010011100100
011111100011001101111011101111
101011010000111000001101001111
000011110001001010000011111000
100111000110011000110011000110
001101111000111011111111001011
