110111111100100100000100011011
011101011011111101011001011100
010000110110100001001011100101
000110010110000101000101100011
001000101000100000100101110110
011110100001000000111110111010
010000110011011111010011110011
011010110111101010000111101101
100001101101101111101001001100
100000010111100001111011110010
001010100010111100101010100111
110101100011101001011101001000
100000101000010001001000101100
101001010011001110000111111011
000000010011011100100000011011
000111110011101000001010011111
100100100001101100111111011001
100010010000010110111000101100
100010001010011010001111101011
000011011111110100001001001100
110111010111100111100110010010
011101100111000111000101001010
001110111101001011110010111000
000010100000110001011011010101
011010101001010010001010100000
111011101010110010001011001001
100110011001000110100010111001
110010011100010110100101010011
001001110101000000000100000001
010001111110110100000111101011
