100001011000011111011101001100
011111010110110110111001000001
101000111111110000110001111011
100011010000001000010010111000
111101111001011011100000111000
110010111000110111010001100110
101000001100101111011000100010
010011100100101001000100101101
011111011000101111100101111110
000001011111011000010000011001
100010101000111001111011011011
000101001010000111110010100010
110010100110100110100111101000
100011011001001111001001011111
010110010100100101101110101000
100010011000010101111010011111
000011011100000111111100110000
111010101010010101000001011100
001001011101101000110110100001
010100110110101111110110111100
010000010010001101110110000000
010000000000111111101100100001
100000111110001111101101111100
001100101111010101001001001011
110010010011001111100111010010
110010001101110001000100011010
011111010111101011111001110111
111110111111001001111100100101
010111000110110101100010100100
011101100011010110010001011110
