010101001010001111111100100111
111000010111010111101001111110
101110111110101111011001100010
101010111110111101100001000101
110111101100111110011011110111
010010111110100000100001100010
000101111100011111101011010111
011010111101100101001011010101
010100111010001001101001011110
110000011000001100100101111011
111110101100000010000001000010
110010100011010101011011001001
111010011000101010011011101111
011111111101111110110110000101
100011101111101110001000110101
100111100011010000100000101000
000111010111000001101100100110
110100110011101011110000010101
000111100110111000011111111101
010000111011001101001110011110
000111000111011001000010100010
001011010100110000001001100111
001011101110000011110000011001
000100100001100010100011000011
101111101000100010001010100010
110011110011000100011001100110
110100011110011101000010101010
101011101101100001011101011111
110001011000000001010001010100
001001100100101110100001010110
