001010011011010001100100100110
111101000101001111010000100110
101001010110010011001000011111
100110011111101100110101101110
011101001000110110101010110101
110111111110101011001001110111
000011100010011001111110101100
100000011000111110101011101010
000110111111110111110010011111
100000010000001111000011100111
101000110111100100010111000001
010010001100100000101010010000
100001000111101001110101111111
101111111111110111100000111110
100101100010101110100001111110
100001111001100100011000100000
101010110101101111101111111100
010000010101110000100000001011
001111111010100011000100111001
011010100110011110111101010011
110101000111011001111000001100
001011111100001110100000011011
111001100011000010000001000110
101100100111010001001100011111
011101111100001100011011111010
111010011110111101100001101100
000110110010001111100011101101
101100000100000010001111011011
101000110110010101000111101110
011000000110011111111001001010
