110101111001101010010001000100
111110000101110111011110011111
111100010011101110000101100111
001101001110110111111001000100
010100010011111111111010110110
101110011011110110010100011001
010110000111001001111011110010
010111010110100011010110111111
011000010111100010111100011001
000101011110110101010001100011
011001100111111000100101110010
101101010110111000011011110000
010110111100000011001100110110
010111101000110010001110011000
110000111000000110011100010010
010100101100001010010011010101
111011011101110100001011110110
001111111001110111100010110001
010000000100110001100001011110
100011011101010001010110000011
110101100001011110001001001111
101010110000001010110011111111
101000101000100110000111011110
000010100000100011011011011010
101101101101100100011011110001
111011011000101010111100110011
111101111010111111001110110001
001101111001100001011001100100
110011000011111100000000010110
110100111001001100011111111010
