110111000110111010010011100110
111110101100101110111110111100
100011101100100000101100111000
001101110111001110111101101010
100110000011000011000100011010
111111001000110110100111110010
010011110100011010110101100010
000100110010011100111011001100
000100001010010111110111101111
001101010111100011011000100111
010000000111001111110001101110
101001000110000110000100100110
010001001100100011011110010010
110111110001110010011100111000
000011110000001100110100100011
111010100111100010011000111001
001100010001010000010010100010
111101101000000111001110011111
011000010100111111111011110001
100101010000000100010010000101
001100101010100111101010101100
001000101011001100010000011000
101001010010101101010110110000
000000111111111110110110110000
100101101101000011111010110111
101010011011001010100000111101
010011101010100010010111110010
001000010110101101101100100111
111101011101001101101010010000
010110010100001001110111011110
