011000100111001101001111010000
100100100101110011011000011001
000100011000101000111000001100
101001110101110011101111111000
001110011010010001010111001010
001100111010110110001110110100
110010101101110110010011110010
011000101000010101011010100011
011100111000111100110101001000
011001100011101011111101100000
111101100011101001110111111111
111111001100011010010001110001
111000000001000110110011001111
010011110100000101110101001100
011001111100011011010111000101
011110111111010001011101100000
010000101100001110011011110011
011111100000111011100111100111
010000101100110010001000011010
100010011101101100010010110100
100011001000001111100011100000
000010111111001001001100111011
101110101010100111001000111000
000010110001011111101101011000
101010100100110000111000010011
110010110101101111010000011001
011111100111001011001101101110
000000100100010001001101011011
100100000101110100001100011011
111011111111101010101101000000
