101100011001110000100101100011
000001011011101000011111111011
100000111011110011100011100010
111111010101010101001101000110
001111000011110001010000011010
011111010111100110010110101101
101111101111001011000101000010
010110111011110110001001001010
111111100110001110001000000110
101100010011111001110101001011
101011000100100111001000101101
101011011001111010101011111101
001001000100010110100110101011
111101101101110010010101010011
010011101000001001100001111000
110000111110101000011101010011
101100011110000001010010110001
101111010100001011010101001011
101101011010000100000010110011
110100001010011011000111001000
001111000001101001000111110010
101000110011010010001010001111
100000111010011001101001101100
100101011010111101100001100010
011100111101111100101011111111
110001001010011100001101001100
010011100111110011011111110000
100111011001001101011100111000
101010000101100101100000111111
100110100111110111010110000010
