000101010011111110001010000110
110110100010100011100101000001
011000001100100010010111110010
110001001011100111100011001000
011111111110101010010101010001
101110110011100110011000001100
000001010011100101111110100101
000000100110101101001011111001
100111000101100011100000111011
001011011011110001000110111010
000010110111101000111010101101
111000011110100111110011010010
000011100100000010010100111011
001011000100000010000101000011
000011011101000110001001000001
110101011111011001000010010110
110010111100010101001101110010
010101001000010110000010100001
101100011100111000101010001000
000000010100111100000000101010
010001101010110100010111100101
100101000100010111010111101000
100111110000001110011000000011
100000111010001010000011000010
000011001011001000101001011100
001111111000011100111011111000
000101011001100111110000111001
100001011101100111100111011000
010110011101001001011001010011
101001000000110001011110001000
