010100011001101010111100101111
010001001111111110010001000011
111001110011110000000101011000
110110010111111001101011010111
010011110100000111101011100010
110001011011010110011010010100
111100010001001100101011001100
010101010101011001011001011010
000000110011001111111011010011
110111110011010111111101101001
101011011011001010101100000101
111101011110000000100010100101
101011011101011000011000000110
010001100100010010000010011010
101010111010001001111010011011
000000111111000101110100011011
001001100111010110111000010100
000101110101001011100110011100
101100001110001100011110101111
000101101001000000101001110101
000101101011001110101001100000
010000010110100110011010010111
100111010101101011111111001110
000100111010010001011110011111
010100011110011001011100101110
010001000000100101011101010011
010100101001111111110111011011
110110001001110111101010000000
111101001010110000001001000111
010101000101110111001101110111
