100100001111101000010011101010
111101111010011111111111111101
010110000101001111100011001010
011011101010001110111111000111
010000001011000010111000001101
010110100011100101000011111111
110000000001010110000000010000
001011000001010010111011110100
101010101001101001011110100011
011010100000111111101011011101
000000110110101101111010001111
000011111101100110010011100010
000001001101011001001101011110
110101100111000101100110011101
111110011010011011101101101011
111101100011100110001101000111
101111000100100010000111100110
101010011001111000000011001101
011101011000100000100111011101
110010010001010111010111110011
011101101001110110111011100100
111100101011110011000011010100
100110111110000001001111000100
010100111100011100101011010001
001011110100111110101111100011
001011110011000011100001011001
101100101110110001000110011010
111100010111010001011000010110
110101000110101110101101000100
001101011000001101010101101010
