111110100110111100110110101010
001010010011111001100110011111
011010001010110111011000110100
100010110110110001011011110011
111100010000000001010111011011
000110011011101101000000101010
110001010011010100011101001000
100100001000100011001010110011
000111111011010111100010110001
100000010000111100011111100010
110110000001001001101011000111
101000000101110110001000101010
000111011001111111100000000000
001010011011010001001001110010
000011001001100110010101111001
110011001000110001100001100111
001010011100100100011010010011
101110011101110101001101010110
001110100110001000100110011010
001100110100111000000100110010
010111011101110000101001011111
001011000001000101010000101010
011011111001010100101110011101
001000100111001010010000000011
110111001000111100011110000001
000111001110010011110001101101
100011111101000010100011001111
010111011001111000001111001001
010100110100011010110010101010
110101110110101011111001110010
