001110101001011101100010011001
001001000000111111100001000010
100101101110110110110011110111
011001111010000000000110010011
110110110110010100111000100101
010001010001101110110111000111
001011011111010011100010100010
001110101011100011010101110000
011001111101110001000001101010
101111101111000111011011111100
110001001001010101111000111011
011010010100111101001000001000
111100100001010000001000110100
101011001111101110110111001111
110010111101011101011000001101
001111100111100101000010111111
011100110101001111101110010010
111000010111000000000111011101
100000110100001001111000100110
111110110010010111000001111000
110010001000000010000111101000
001111011010001001100011111111
010001010000000101011000111100
110100100111110011000010010100
110100111101101010111100001111
000111010000100010110011000111
111101000111111010111101000111
000101111111010001001111011010
010000000001100110111010001111
101111001111010111011011010000
