111010111101001111101110100001
001011000001010111111100011100
010111101110011111011111111100
111001100111001111110111010101
011000010111110011101010001110
101110101010010011111000111010
111100110110000001100001110011
001100000101001000011111100100
111011111001110011110110011001
010001010110001001111011010001
100110011110101111000101110000
010000001001101110000111010101
001111001001100100011000111010
111110110101010011101000101011
101010101001111010110001100001
001101011011110111000101011010
011101001110010011110001101010
101011011100110010001101101111
010001111110110101100001100011
001010010110100000000101001011
011011010100111110111111100110
111010011110001101111101000110
011000010110001110000110100111
111011101100100111100011000101
011000011000110111001001000110
000001100111100001111100010001
110001101001100001000101000100
100000000111011001001110001011
000011111111001000110001110110
001010011011110110010011111011
