110000110111001010111010111010
101111001101011111111010000011
011110111011000111100010010110
001101101001111110000010110001
100100110111110010100000011001
110111101110110011011111110110
110011001000101000001101000111
111111011000011101010000010101
101001111011000111001110001111
001010101101101110110000111000
010010000101010110010111100101
110000111100000010100000010111
010100110001110011111000101011
100010001110100100101011001011
111001001001101011011011001000
001010100100001010001101010101
001001001110001110000111111011
110000111011101001101000110010
111000101100000101111011111000
111100000000010010110100010011
011010001000111011011101111010
110010011111110100001010010000
100010100000101011001010011011
111110100010100000000111010101
110011100101000011001000011010
011111001000010100110000011110
100110100011100100011001000111
000111011001000110101010011100
001101100011111111100011111001
001010000001000010100010010100
