100000001010001001111001010110
011100110101100010010001011011
011010110111110111110101110011
101101100001011000100100101110
101100010111111000101101111011
011110111111100011110110001011
111100011011000111010101000001
110100011000000001001110010000
111000010001110010001100101100
100100110011110000000011111011
100100110110111100100110001110
010001000110100100100111001001
100110101101111100001011010110
101000000110101010010111000010
001110111111001011000001000101
001001000110101111011001010011
111111111011101110111111101001
101101101100011111010010000000
100100000011100111111001010011
011010000111101101101101000111
000100001011101001110111011100
011010111000110111101001110110
111100011101101101100000100111
101001110110111110101010111100
010101011011000111011001101111
010010100101001011010101111001
100100100000010000101110010000
101010101010001110010110000010
000100000101001110000011000010
101110101010010110000000110001
