101110110101000101111100100010
011100100001101111000101101011
110010001001110100001111111100
010101001010010010110100010111
101111101011110110011001001001
000100010010011100110101010000
111011100010110100011101010110
111010110101001001110000100110
101100001000110011010010110010
001101001110111000010011010110
100001110000000110110101010010
011110101010111011111100011001
100011111010010000101001110101
100010001000111001110001011011
111101110100000001101110001101
011000100100000110100010001101
000010000101001001011001010111
110110110111011101110001111001
010101111100101100101000101101
010100101111011101101101110100
110010110011010000001100110101
001111100011101111100001100011
001010100011011001100011111101
101110001111001001000010111001
000001111110110000000001011010
011110001000000000100101001101
101100101011010110010100010000
010101000111101100100101000111
110111111111111011010111100010
101010010001010111110010001111
