101010011111001001111011010011
001011111100011010110010101111
100000110100010000111100000110
000101101011101100100010001000
100000110110100010111001000011
101111100000011001001110001110
011100000011011100111110101000
101000011100100100100110111111
010000110001100000000101001100
011010010101000110111011010000
011000001011101100110001100100
010101111011011001011000101111
111111001101010111011001110010
110101110000001010011101000101
000101101011010100001000010111
000110011101010111101001010001
011011110101000110000100100100
101111100000101101100100001101
111100100010101111010010011000
100000011011110001010101101101
110011101011100001110111010111
101000110010110000011000010100
101111100101000000001110010001
100000100000010010010000010100
001101110110100101000001111010
011101010010110000111110110111
000100000100000111111000101011
111100011010011111010110110010
010011010101011101101111110000
011010011100100101011011100001
