011101111110111110101001101001
000101110111111000110001110110
100011110010011000010000111110
010101111100001001110111111100
011000101011101101011000100110
011011110100101000001011111010
000000110010110010101110101000
011000000111101100000110000110
001011010101011100011110010000
111100110000010100101101101010
010110000001100110101000000110
110001111111011011110001100100
011010100110110010010011001000
100000011001000111111111110011
100001011000001111010010110011
100010011110010110110101011100
101000001010101011000010000110
110010011011111000001111011100
111111011010111100111100010001
010011101100001001011011110100
010011110101110010011001000100
110110111010011011001001010101
011010010000010010110010000111
101110000100010011100111010010
111001001101111001101001100111
011101111110110101011100000010
000000110101001101111000111101
000100001000110100111110110100
101101111001001101101110000000
010110010110100100011011111011
