101111110100101101010100100001
100001101101100010100101100110
101101100100101010100000111010
111101001010010000100101100010
110010101100100011011001010011
010010101000001011011110010000
001010110011011100110110101111
001101100010111011101100001001
010000110100010001111000110110
111000101111011110010010111000
001100001000111100001011000000
111101110001111000010001110001
111000110100000001010100110110
110010111101111000100011100001
110110100010011011101010101001
011111100101101011011110110101
111001000110011001011111010100
101101010010000101000000000001
011110100101101100001101000110
110111101101110010111101001100
011000000011010001001111101001
111010101101001110111111111001
011011101001100111001011001111
011101000001101011000100111100
100011111011110110110011001010
011010111100110111111100000011
111101110011101111011001111001
010000110000101010011001000101
010001010101110010101001000010
100111100100100111010100110110
