101011010111100000010100001101
100110111000010110100110101111
110001000001011000011010010001
000101111011100000110011101110
110111111100001100001000111101
101110110001011010011011010011
111110001110000101000111100001
110111100111111000011011101111
111101011001100011000100011101
111111101010000011001011101010
111110000010001100011011000101
111000000010100010010000100110
001110011001101001101010111110
101111110000000101111001011101
100101101000001000010001000011
001000110000011101011110011000
101000001110010100100011010000
010001010011111101111000100111
110011001110100111101110111001
000010111010111010010000000110
000010001001001110000110101110
000110100111010000111111011000
001001110010111010100010011111
111010110010101111110000111110
011110010111001111101010111100
001010001110000010111111101101
110001000001000001101000011010
001001001001000000110100101110
000101001101000001001011011001
001010010101001110001101100010
