100110010000111111011101110100
100001000000010111001000010111
100110001100110000111010110111
011001000001110101101111111000
110100111100100100110110111000
000011000100011001001100000010
010011111011111010010001110001
101110111110001011100101110001
001000010100101000111101101100
011111011001110111001101000001
110010011000100001101110011100
001011000110110001001001100001
111100010101001110001000000011
010000011101100010110001000101
100001000010110100010001010001
000001101100011000100110010100
100111111001011100110010001101
110101011001101111101011101001
110010010110111010000100011001
100010111111111101101111101101
011000110001010001000100000111
010011100010011101010100011001
011000111000100110101000111110
000100010000011110100000101011
010000001100110010110111001011
101010000111100000100010110011
111001010101000110011000100111
110100001011110010101100000111
110011010001010011111001101001
111001001010100110000011011011
