111110111010000101010001101100
010011110100100000111001001101
011010101111001010111101001000
000100111001000011000110100011
110010001010011101000100111101
100000111001110100100101001001
011011110111111111000010111010
001011111110010101011000100110
101101011111001100101001111100
101111001110010011001101000010
011100001001111000000111110000
010010110001001000001101010000
111011001011010000001111010110
000001010110100101101011011101
110111100101110101101000011000
001111100001001011100101001000
101000010011110001100100111011
101111001110010101010100001101
010101100001011100010010010010
000101111101100010001101111110
101000011010000101100000100001
011010111111011010101010001010
111110011010110001010111101000
000100010110010110110110101101
110000001110111111111111100010
100111011100111000111011111000
010111100001001001000100001001
011110101000110000010110011010
110001000111000001111011011000
110000110101000011100100101111
