011111111001011010110110001100
110011001000000100111110010010
100011011001011001110100011110
110011000010000000110010111110
010010111111110111001011101011
111000011100111010011110111101
111101011100010111000111010000
111111101100011111111100101110
000110011101011000001110011001
100100011101010010110101101010
001010111110000101011101110110
000101011111101011101101001000
010111110011000010110101101100
111100110100110101011010000000
011111000110101010111100010110
110000001111001100001010011101
100101001010011101001011100101
101001111010011101101000110001
110011101110011011010001111011
111100100111010110111111101100
001110101010111001010011111110
001010000110101000001110111110
011110101001111101011110000110
010001110111000000110011111001
101101010011000111111011010010
100101111011001110101101101010
011011010001100000010110011011
010011010001011010111000100110
011101000100111011100111010011
110111100001001101101001011000
