000101111101101010100111100000
001101001010001010111011111100
001111101100011111100101011111
111110101010001001000101001001
100001011101001011101110111011
111110111011010000101101011001
101111000100000000010101011100
101001111110110100011111100100
000011111010001111000111111010
111100110011000001111101011010
011001111100010001001110011011
111100000101000110110010001101
110101001010111011101010101111
001101110111100101010001011111
010010110000010011000011010110
110000101000111000100110110011
101001001001011001100011101000
000111001101101111100010110110
000001000100101000111111100110
100110010111001000100110010000
110001000001100101111010101101
010111100101111100100110111111
111101110010110001100101101001
101001010000001001110011000010
111101101111000110001000110101
010110001010011000001001101100
001111011011001011111011010010
000001100101100100111001010001
001011100100100100001100100101
001111011010100111000111010111
