110000101000100000100001001100
100101111101011000001101000101
011000101100110000100001000111
110010110101101111000000111100
110011110111110101010100100000
000011110101101100001001111001
100000010001100100000010100110
111111101010110101000010111000
110100001100001010010101110000
001100001100000001111101010100
111101000001001011100110010101
001111101101111001001101100010
011000001100111011011110000010
011101101011001001100001001001
100001101011100010110110000110
011111111110001110011110111100
001000011010001110011011010001
110011000100010100011100111100
010110011101000010100010011000
110111111011000110010010111011
011101111101110010011110111100
101111010101000101100111100110
001101011011010010110110011111
100110000010100011111111000000
111011000101110000101100001010
011100000001000101111011010100
000001010010110001111001001011
111110010111101010111110010010
101000011000011011001110001100
110001111000001111011111011110
