111010001100110010001000111111
111001010100110000000010101101
101101011001100111001111011101
101000111001010011011111100000
010110110111110100001110001011
000011100111001000111010011001
011011000011011000001100110110
011001010000101101000101101000
100011110110100110111111101011
100101111000101100110101011001
101110111100001010111011101001
001100011100101101110101111100
010101110111000001101111010000
000110000101011100010111011111
010111001000101010011010011110
110100000011101110010100101101
001010000110000100001000000001
010111111100110100000010101001
100011000100100000001110010100
110001001001111101110111111110
010011111011111010110111001000
010101110001000111101010111100
100010111011001010010011000100
010110001111111001111110000101
010110010110000100101010000010
011010111100111100101110100011
100001011100010100100100111001
011100101101011100001111000100
110100110101000111110111100100
111110101100000110110101010010
