010000010111100111011000111110
111001101100110111111000111010
110000011101111101111110000010
001001100010010100101000001100
110100000101101001010010111111
010010000011110110110000100111
000100100111010011101001111011
101001100011001101011100010000
101010111010111110001100101111
001010111101111101011001000101
011101110001001101000000111110
101100111101111011101110001100
010100001111010010001011101000
000100010110100010001011101001
100010100101110100000111110111
011000010010101111101001101011
101111110001011001101010000001
110010010000110000110001011100
000010001001101100110000101100
001010101101101010010101010011
001110001011010011010111010111
001010000011100000101100111000
101001001111011100000011011011
101010001011000110000011001010
111001101101111010101010010011
100101111011011100101101011111
101011110100101100010010011101
111111100101010000111110011100
110111000111011101110011010010
000101111101111100010100011000
