000011010111101001100000001010
110100110001111100110111011100
010101011000001001001101101110
100001110101111001100101111011
101100100010000011001110010000
001101111000001100100111110111
000101001000011111010100111001
010111000111111110011111101000
100100000011100000001000010111
011000101010000000000010011001
010000101100011011010110110001
000001110011111100011111001000
011000100111110011110000001111
001001010101101100100011010100
001110010001000101100000000101
010100010100010101001000101101
100100100011000110010010001001
110000110110110110111101000111
100010101001111110110101101101
000001011111001101010110100000
010011110010100000010001001010
011101101100010111010110000000
000111000101100100001111010000
100011011101000010100010101011
001101010000010010011110100110
101010110011110011100010100110
000101010101001101111000010110
001101011101001110000101101110
111001010110011011011001110100
100001001000111010110001010001
