010011111010101111100010001100
000110010111111001101101101001
101101111101111101111110100011
110100000001001000110000110110
000101000101100000001000101101
001010010110000101110101111110
010011011100011111000011000111
101010100010010000001010010111
110110001100001100111010011010
010110110111110100100011110010
001100001010001101100111110000
011000000011101000010101010011
110110001100010101101000101111
010100100111011001100011111100
110101000010010100110101101000
011010100011101110100010101100
110100001010000010010100011110
000110011110001001101011011100
100110111001111110101100101001
111110000011100001100011000010
000000100101100110100111000010
110011110111011110011111110101
100111100100100101000111100110
101011110010011001011111011011
100100010111101011001011111111
111110011101000110001001001100
110110001000010110001111011110
111100010000011001100101111101
110000110110110110011000010010
010111000101001100111010011011
