111001111000010011101010100110
001001010100001110101111011100
010010110000111111001000011010
110101001011111000001101111000
100000001101001011010110101010
001110010111110100111011101011
011011111010100111010111110010
111001101001110000010111010000
110010111011000111000110100100
011110110111111111101000101011
111110101011100111100011001001
010100110001101111101111101011
000001110000010011101100110101
001000011010110101101110011011
110011101000000001100101001001
011011111101011011010011010010
010100100111100101011110100100
110010110111001111101011110101
010011100100011111111100101010
001101100010101110011111001101
001110100001101110001101110001
011100001110000001110100011011
010100011000010011011110001110
101000010111111111101010100101
010011010101100001100101111001
011101110000101101001000100011
110110110111101100111000010010
011110010011110101001110011100
010101010010101010100110111001
101011011111111011010011001110
