100110111001100011000011101000
110001010011100001111001111111
111110000010000011000110010111
010010010000010110010010110101
001001001001010000110101111000
010010000110011111000100000010
110011101110011110110101001100
011111001000110110011110110111
000100010111111010011110110001
010101100101011111100110000011
011111001100001101010111001001
010100010101110110111100010100
111111011101010101010101110001
111001111110101010111001011110
111001100010111100110010111100
110001101011010100001000011101
000011000111000111000100110101
011011100001101001111000100110
100001000011110101010011001111
010111110101100111000110101111
011010111001000011010010100101
100010000100100110010111010111
010001001101011100010011001011
100001110101111100010101110011
100101010101100001000111110000
111101100101010110100011111101
100101100010110000110010101010
010001111001010110000111101011
101110011000001101101010001101
110000011110110001110110010011
