010111000011111101011011101111
100111100100100010111100101100
110100011101111001110011010000
101100010000001110010101110111
001101110110110110101100000010
001001111111011110111000010000
001111100011011010101111001110
000111100001010001001001000100
101110011001110110011011100111
000110001111100010010001001000
100111001100110001110001011001
000101000010111000101000111110
000101001010001001010110100110
111111011011100101100110011100
111011101110011010101111100011
010001001000111110100110101100
110000010100010010111101011001
001000010111001111011111000000
000001001110001111110010110010
100101101011100111001101001110
100010110011000101100011001100
111000110000001101011111000011
100111000001010011000110011100
110111100100000010100010101101
110111110101010111111101111001
101111100101110001010011011110
110100000101001101111110011101
010111011000100100110001111111
000000000001111100100010110000
101011000010011101000111100010
