010101001111111111000001011101
101101000111101100011011100001
010001010001100000100010001001
101110101011010011110100101101
111100011100000100111000110001
011000101101010011000000011111
000111111011111100000110110011
000100101111010010110100111001
101110111001010100011101111011
000011011000011110001010100010
101101001110000001111101001000
011010110110000001001001101011
011011011010001111111100100111
101110111010110101111011010100
100100000010101000100010000100
011111001101111111011000101101
001100100110111110001001001001
101110010110100100001111101101
110110110101011111100000000110
001110101110010000101001010011
101000000011100000010111100110
110110101111001111111100001100
010001101000000011010111001011
000101001110010010010000100101
111000111001100110010100101100
101001011011000000011001010001
100100101110001100000011010100
010111111110111101100110111100
101111111011010101010110110000
001101111010000110100111011101
