111001000101010101001001011101
011001101100010000000110000010
111001111001000101001010110110
000001000111000011011101010111
101101001011110111001001000100
100001010010101111011110111100
000110010100100100010111101001
100011011011100011010100101111
011001001110101110111000010001
100010001011101101101101111111
000101101001110101001111110001
001001011110010101001000111100
110001011000101110110000001000
110110011001001110100011100010
000100001001000010001100000011
101100101110001110100010000000
100000110111111010110001001011
100010111000001000000111101010
100101000010001000110111100000
001100011111010101001110111100
100011001110000101101010110000
111110011010000101100011001100
110100001110001011101010101100
010000100001101110110001111100
001101100010111100001101001011
111001101111001001110010100010
000101000011100001000010010010
011100011111000010100000001111
001101010000100100100011100011
000110010000110011100001010010
