000101101100010000111000100110
010011111100101110110010011100
010000001010111010110100101000
001111100000010101010110010011
001010000100011111100001111001
111010001000010100111000001110
111011100011010110101010111011
010000001000000010010001111101
101111110001001000100010111110
101010011011111000001101101110
010101100011101001110101001110
001111100101011100100000101110
000001101011010111110010110000
111000100101001000000011101111
000111110000010000101001011101
000100000000001010001000111110
101011011111111010000110011100
110000001010100100110011010101
111111000101101010000011000111
000000110010000011110100000110
010101100001001010000000010100
010110100010100000101010101011
000111110000011010101000011001
011010111001111010001010001011
110111110011000010101001110001
111011111001101010001000100100
000011001110011011011101001111
001000101101111100000111100000
101100011100110110111011010011
111011011010000011001110111000
