001100001110100110010010000011
100011111110001111110110011111
000000001001011001100100101010
111110001001101111100110010010
001100111010000101111110101110
110011011111110101011001110101
111000101000110000001100110101
111100000010010100100001101000
011100111100011101101100111100
100101100001101010100100100110
100000110010001000111100100010
111111101001010101111101010010
011111011100110101110100011101
100011100011011011011111010010
111010111111000010010001000111
101110001100001000101110100011
101110110101010100100000000000
111010010010001110001100101001
010100011111011001100001111101
101010111011100110001011110110
101101001001111010010000010011
000001111111111000011110010110
011100011010100000000000110111
101000101100010001001110101011
000011111010000110001000010110
110000110111111101011110100011
010110011010111001110100001101
011011010110011011100000000110
101000010101011000100010101110
010001101011110001001100001100
