110101110110001100001010101110
000100010000010001100110010010
111011111101001111111011011000
011100101011000110101111001101
001111011100101001011110110011
101101101010101111110111110100
100101101010011101101000010011
101001000000101110111010001110
011000111111111100101010011101
101111111100010110101111010111
100000100111000110001101110101
010100000110111011110010101001
000110101111010110011010011100
010100110110000111100010111011
111111100010000100011100110101
110000001101011101101111000000
111010110000111001000011000011
010110110100010101001001000001
000011110001101011100111001101
000101000000111101001001111100
110000100000010111110000110010
011011101110111010110100011111
011110001011111000001010110011
001101110111100001110110010101
100011100110001111001101000011
011000001001000101111101100001
001111100011101111000111100011
111110000110101010111111010001
111011101111000100101000101100
010000011110001110000101010000
