001110001011011000011000100010
110100011110010001011001110100
110000011101100100001111100010
000111110000011101110101110101
110010101111010000110011010001
000010001101101110110111110001
010100011111110010001101110101
010001010001001100100011111000
010000001001100011001100000101
000111110001101000100111110110
100011111101011010011001100111
011100111011101000101010010100
111111001111110110110010001101
100110110101000110100010111001
000001100100101110111100010110
100110100001101001111010001010
010101110100011011110100110010
000100000011110110000000000111
001101000100011111111001111001
000000010100111100100100111111
111010100011101100001110101110
111010101011001100000010000011
110001000011101100011101100110
101111001000101010001000001000
001010101010111010011011111110
010101100111101101000100001101
110001110100111011011011011010
100000000110010010111101100100
001100110101111001000001110110
111101111100010100100010010011
