001110110111111010000100011110
000011010100000011001101001110
010001101010011110111000001000
011000011011111000110111010010
011110110000100011110001010110
111000001101101110100100000001
000110011011100001001010011110
111000101001110100001011001010
001010111100101000001010000111
000001000100101101101101011011
011010110100000111010000101011
110100001001011010001111011010
100100101111000101000101110101
110101000111001110100011000001
101100011110010110110110010100
111111001111101110011101101101
000100000101011001101111001101
100100010111111111101001110010
000011000100101000100101001010
111000101101100100001011010101
111111110010011000000001111011
110101101010101011111000010001
000110010111011010101000001001
100011100010011110000111010110
011000111001110011001111010011
000111111100111110101100001010
110011100010101000100101000011
110111101110010011001110001100
010001100101001110001111001111
110110111010000001111101111010
