101111011110111101001011001000
111010111011011010101011101111
000001010101100011010110101000
110001101000111101100000011010
010110001111101010010001001010
101010011001110011011000110011
000001010100101000101001010000
110011101001010011000010000111
001100000101011110111010111101
100101111000001101110000001110
110010010111100111000001111110
111001011111100010110000000111
001010101000010111111101111010
000111111001001011110101111110
011110010011001100111111101010
010101101001001110101010000000
100110111010000001101010111011
000100011100111010110001001101
101011011010010100100100000100
101010001001111111001010010110
001011111000011110001001001101
010010110011110001001110000101
011110011101011010000100100010
101101110100100011110101101100
000101010100110011010100001111
110000110001100100111110011010
100000001110001011111000011010
110101000110001011001010000110
100110010010011000100100000111
110001011100000101111111100111
