010101010101111010101011010101
000000101111100111011110010001
011111110100000000001100111110
010010000100000100000110001001
010101000010001100101011110001
001011010110001010110011101001
110111110000011000111000110110
000000011110100001000001011110
010011100100000101111100011100
100100100101110011011111111110
001101001100101011010101111101
100010111000010000100000001000
001101001001100101100100101111
110000101001000110000110100101
011011000001001000000101010111
100110101001110001001000010001
111100111101111001100010011101
110001111100010011010111000101
100110001000100010110001100111
110011111111011110110100000110
001011001010001011001001010001
000110001110111001101001111010
000101110111111011110101000010
110000110111001110000101101100
100111011000001110100010100011
111110000010011100011011101111
111110110111011011111001110001
100011000000111111010000100110
110101001000001001101001101111
100000000011011000110000101110
