001001111100000001111110111110
100000011001011111111010100010
011001001000111011011111101100
101010001111001101111111100110
011111010110110011100010111001
100100101111000011010101101111
110000011011001001101011110101
111111100101110011101100100000
111011110110111110011011011110
111011010101010011100001010111
000010111000010111000110101011
111001111101010011011101011000
010001100101100101001010011100
110111101000101000111001101110
110110100010111000111000110111
111011110110011100001000101011
101111010111010001001101010110
011011101100010100010101110111
011000011110111011010111110101
000101111001100110011110110001
110110010000101111000101011010
100001001011001010111101000011
011110111111000011000101111010
000000110001111100011010100001
011101111100100111000100011000
011011110011100000011111111011
011011101011101101010110110001
001000111001000000110111110101
011101111110011110010101000001
001001101000110000100111100101
