000111010111100010110101011111
110101001001010000111100100111
011101100111010000001110011010
010111110101010100101111110111
110110110001101001111101110101
111001110001000000101100010111
111010111010100010010101000001
011101000100000100100010101110
101111110111101010011101111011
111011111000100110111111011001
011111111111011111101111100100
110010001101101000101111001000
101000111011001000101001011101
011010110101100100111110000111
110111100011000101001001110000
011111001100001100010101111010
111000000000101000100001010111
010100001000101100100000111111
100000110010011100110011100011
010101000101101010000100110100
010010111100111100001001010101
000111011110111001001110101100
111000100100010001110100001100
000100101111011110101110010000
101001101110010000011111111010
000100110010010010011010010111
111111101010110010101100010110
001111001100001110101100001001
100111000110000110010000110001
001001000101110100001010110010
