011011101110001110100110000101
100001000011011001010101010011
011100111110110000100001010011
011101101101011110110101011011
001100101000001100000110001111
000110011101101000111001110111
101010100001001000001010111111
000011100110100101101110000100
011110010101110000100101111010
001011010111111000011000001101
100001001110000011110110101010
010110101000110001111100000001
000100110110000100010000110110
010101111100100101101101010000
101110011001011101001001110111
001101010111010001101110000001
111100010000111000000011111111
100110110010011101011111110111
010010010000001101010001101111
110001111010100011000111010100
010110011101000000111011111001
111010111011001000011000110010
101001000100010000010000000110
000011010111110001001010111010
000001111101010001000001111001
111101000111100110110110110001
000100110000100111011011111001
100100100100011010100111110000
010100110101000010010110001010
001100100100010110100101100000
