010110111011101011101000010010
110101010011111000101010101010
010111001001110110001100011011
100001111100101101111000001110
100101111000001111010000000001
101100001001001001110100011001
001011000001011100111110110011
101011000000001110000001010011
011001010101110001000001010101
110010011000011000101011100010
000000000000000001000101101111
010011111111101111001001110010
010110000011111100101101110001
100001100001100000011010100000
011001011000110100111111100000
011001100001011100011111100100
101101000101110101001110100101
000011000111010011101011011001
011100110001000001001010111010
010010100111110100110101000010
101101000110100011100000111010
000101010101000100110110000011
110011110101011111111001101100
111010100011000111000001100101
110000111010010100011000110111
101101010101110010010001110001
001111101001011000100010001001
111011010001100100011110011010
110001111000011001110000001011
000001100010101010010010111100
