010101100101101010101000010111
110000000101110110101000011111
010010110110001011100101000100
011010100010111100010101110100
101101110000111110111010111100
000010111100011111110001001000
110010111101111010111010110010
010100101010111011010111010001
000011011110000001001010000110
100111100001001000100101011010
001100110110100111011101001010
110001010111110100001110101001
111101100010000011001000110100
110011001110010000111011110000
111000011101010010011111100111
110010010000101010110110000110
000010000100010100001111100001
001010010011111000001101101000
001111011001110000000010000100
011011011010000110011101110010
001000111100100011011011001000
111010011101101011100101000111
101100011100100111000111011101
000010010001101000110001101000
010110111110001110000111001000
010000000011000111010110011011
000100001001001010100001000111
011100100001110011010101110000
000010111100111001110100110110
111111001011000100110111010001
