000100010101001010110011100011
001100101000011110110011011001
001100011001111001110011010001
010010100010111001001111000000
010010100001011100111110011111
100011100011000101000001001010
111010011110000000011011111101
111011110111111111110110011010
110110000100000011010111011001
111000011000100011110110000000
100110001100111110010001101110
001010101110101000101011101001
010000101011110100101000010010
000001101101100100011000000100
010011011100011101101110010100
101110100100101001001000000011
100010101000101101100011010010
100011101100011110100011000011
101010000111011010101110010011
100110001011001000100101001100
101010010001100110101010101101
000011111111100010011111100110
001111111111101110111001110100
101111101101101000010001011011
010101010001001000010001111011
000000100001001101001011010101
010110111011110010101010000000
001010100110011010101011101001
001100101101100100110000000100
001110101001111100010010111010
