000011100010011001110100111011
101001110001001011100111011001
101001000111001011110111010100
101101111101111000111000001111
000011001110010010000010000011
011000110101000110100101110000
010010001101101010011011010001
001110000010000110110001001011
111001111111000001110101010010
101101101101000000111111101111
010111100010000110010111011010
011111101000101010110110100111
011101010110000110111100010110
100011011110011111001100100011
001000011010010110000111000100
011101100100010011110010011010
101000001110111100010100101101
010011100001111000110000010011
111000010001010101100101001001
000101110010010001110010110010
011101010111110010100011000000
101101001110010111101100101011
101010000011110010010101110011
010011001110011101010111000001
011100010111100100101100010110
011010111010101000000000011000
101000111100111011111100011000
001100010011001001110101110101
010011100001110110010111110010
110011100111111011111010110000
