111000111100111100000101101110
000000111100101100011100000111
111111000110011101101000001110
101101001101010101111010011100
100010100010100010111111111110
011011010000101000110001010001
111101011011011110111000000101
101010111010000010010100100001
011101011010011010011000000010
110001001110010111001100000011
100010100111111011011101010101
011010001011111010010111111101
011001111011111001111011010101
000000000010010010101011100110
101011111101011101010100001010
000110010110001111010111011110
001011110000110010001100000100
100111000111001110000001110000
011011110001111100110100001001
100001010001110110000000100011
110111010110100100100011010100
010000101111011000000101100000
101100011010011110100001100001
100101100100101100011100111011
000001110000100111000110111110
111000101100110011101011100100
000110101000100110110010101001
001111010001000111111100111101
100100100000101010010111100011
111010011001101101100111011111
