001000110111111010111110000101
110101010100101100100101000001
110110001111111100011010010111
010000011000000011001110110011
001010011001011100000110010010
001111111010101001111110010011
111011111110000001011110001011
010110010010010000011011101001
010011010110010001110010110000
001100101110011000100001100001
100111010101000011011111001110
000101000100100101100110010010
110111011100010011101001110110
011111110010100011011101101101
100100100000001011110001010000
010010101011111111101000000010
101001011001010101001001010011
100100110010100001111110011011
111100110101110010100111010010
111111001110100010000011001110
101110001110100010101100100100
011110001111100001001111000011
001110100101110011010010001000
110001001010101000110101110001
100010011111010111110010111100
011100011100111110001110110011
101111000101010110110010100101
000111111011111011001110100001
011111010001110011101011010001
011001111110001011100100111101
