100011000100000001010100111001
110000000000001010100101110111
000001111110011110001110100010
011110001110000110010001011010
100111110010100101010100001001
010101101110110101001001000111
010010111010111011001101011010
111001010101001101110101011011
010110000010011010010011110000
001011011101001011110101110011
101101000001100011110000111101
000001000000000100010000100001
000010010010011000011001110010
000011100000111101100110000000
111100000000010001011011111101
100111101010000101101110010110
100100011111101110111001110101
110011011000011011001000100010
110101000011100000000100101111
010111100101110100100000010010
100011011000000111110010010000
110110100011100111110000111001
011111101000101001011010111001
001100001100110111110110001100
001111111010010000000010010110
001111001111100110110000000110
111111000010011000011010001001
011100010010100010100001111101
101011011110101100111011101111
010110100111100010101010011001
