100111001100111000111100011010
011000010000001101101100101110
100001101001010011001111001110
110010110000110111001000000001
101111010101110011001010010100
000110100001000101111110010110
100001111000010001100111010101
110100101100111110111010011001
100011000101101101010100000001
100001100100000010001101000001
101001100011101011101000111111
011111110000111011110000000111
110011111101000101000001010111
010011111101011110001000111011
101011000101010100010001011010
001011000110101101000101000011
001101011101010100111111111011
010000011110101011101010011100
000111010011000111101011101101
111001011110110000100111000011
110110011110100111011001010011
100010000001000001111001111100
010111110000000010000100110011
101000110110010001001110100011
110010010011101010110011101100
101111000011110100100101101010
101101001111010011101011011110
110111100100010100100110010001
111110000110011011111000001110
111001100001111001010111001111
