111010011111110000111111101111
111100010000101110010101101000
001000001000111000100101010000
010101001111100100000111001000
000000010100110001001101010001
011000101101000100010111101000
010111111000111101000101100111
100010001101101100000000010001
111101110010001101011100101101
000111101110110110001101011000
110000000111001000010101110010
000110100101011001100110010011
100110001001000111011101110011
111011100011001101100000001110
011000100101111011101000000010
000101111100111000000011011001
001101011011001100110011010110
001100101100000001100110000110
100011001110011101011100011111
001011100001101000011001010100
011111111011010111101101000101
011011010000110010110001111101
100101101100111100001100010100
100001010011101011010110000011
100110111010110001011100110100
000001110110111000001111011010
110000110100011110001101110111
100111001000101110100111011101
100110100000011111010010001101
010111001110101111000110010100
