010001111011000000001111110111
010001110110010100100001001001
001010011110101000001100111010
100000110110100100100111000010
000100100101001000001100100010
010010101000101110100111100010
110111110100100000010010110100
010000100011000100000000100011
011110111101000101011101111000
010000001000011110011110000111
000110010111101111011010001011
001110110011000011100111101111
111111110001101110101001110100
000111010001100111011001100110
100110111000010001110111101111
111111011011011101101110000111
111000100000100011000101010011
110110110011100110101110011000
011001110110011101101101010001
010000110010101011011001010111
101000001000010100000000111011
100100001011000001111010011001
100011111101101011001001011000
111100100001000110001010100011
110111000000111111100011010001
011000010100100111110010101010
101100001010111001010101110101
000001001100111110100001011001
111000110110000101001010010110
000100011100101110011100110110
