011100011100000000110010101100
101111010001110001101101100110
000011101100111001010001101010
100110100001101010001100000110
011011111011000001000100010101
101100000101000110010001011111
011010101100000110001001100011
110100111011001100000111111110
111111110101111101111101110101
110101110101001110100001101111
101001001010110010011101001011
011101100101011100010010001101
110001010111101011011000101111
101010001101100111111111010001
000011111011010101000101101110
011010000111000001110111111110
111000011010111100110011010000
100111110111111110010000010111
010101100011100000110110010111
100000111101011110110010110000
000000001100110111110001010101
011001110101110001101100100111
101101100111101000011101001111
011111110110000110100101101110
100010110110010001010101111111
011010000100111000110110001000
000000001110110000011000101111
111000100101010000111100110011
111000001000100010000111110111
001111000011010100111001111111
