111111100010010111101110100000
100100101000001101000011010010
100010100101110000100110011001
011011100011010110000010011010
010110110110111101000100000110
110100010110000111101111001101
101101101111000110001100110100
110101101000001100001100111011
101010011111011111111010001110
010010001010010111011110101000
111011110011101000010011000100
111110110110001110100101111000
001000000010000101010111001001
111111100101000000101101001001
011100010110011100010111101001
001001100111000111100110110000
101111100010111011101110011110
100100011101010110001101010110
100111111110100001100100101011
111111110111001001111011100101
010010101011110000100101110100
111101010111000010110001100100
110100011100011000110001110011
101000000000010100001111110001
001000100000100101000110100100
110101111111100011111110011001
010010000100000001111110011011
000010011000111110110001001001
100100010100100001110011011000
111100010010111011111101110011
