010101000000111110011101010100
011001000010101011101111011101
101001001110111100000010101110
100000011101001110011011101010
010100001100001100111001101000
110000011111000010010111101100
011001100011000110010010111000
111101101100110110100110010001
100110001101101110010110110001
111010001111010010000101000001
011001110110100010000001010001
001100101101101100101011001010
111010111100011101011011010101
111011110011001111000001100101
110000110111100001011111011001
110010101110110100010010101011
001010100100111111111101100111
000010011111101000000000101000
010000001000000001011010110101
011100100100010011110110101000
000111101101101011001101101110
000011101011101000011100011010
001111100101010001001000110101
110011001001001111010110001010
000000101001100101011111110011
100111110100001010110101000111
110100010110101000111010000101
000010011011110110011000011010
001101010101000111011100110111
001011000011110110101101000111
