100000101111010011001001011110
000111100001010110111100111101
001101101110101000001010001100
100000111100001110000011100111
100101011110011111001011010000
010110001001001111100011100010
110001101100011010000010110111
011001111110100010001100010011
111000111010111011010110000100
011010000010101110101110010101
000000111111101100100100110011
111011000100101000110011001100
101101111111010000001111001000
011110110110111110100100010011
000011110010111101010111110000
100100000001101010010100110010
000110001101101000111000011001
000010101110100000000000100010
100001001000101100101001101010
111011110010100100000000011110
001100010000011001110101001000
100001000001011001110100000001
010110010110101011101101101000
100000001011000111011110111110
110110010100001010111100101111
101110010001100110001000010011
101001011101010110001101111001
010101110001000001000101101111
000100100010111010011011101001
101110010100110111110010010011
