100011101001101001111011100101
110011000010000111010101111010
010101111000011110100000100000
100111110000110101110001011011
000000011110101011001111111001
101000101101110110001001010100
010101101000011010001010000111
111010011101111010001000101011
011010110001010010000110001011
000100001101110010011011100101
010010110110110000010101101100
001101001100110001101011001110
000001010111111011101011111101
100100011111010001110011110100
000100110000000011010011000000
000100101011010010001101000110
110001110010001100101111011110
110000000100000010110001000011
110111111101001010100001111110
011100111000010010010101101100
100000000001110110010011110011
000101110011101111000111111011
000001110000000000100101010000
000100001110100010010011010001
000000111010001010001000010101
011111001110000001111110111001
110000001010101010101010101011
001101100001001010000000011011
111101011100011000001100010111
111111110000001111100101100010
