101000001100000000100011011100
110111001000100000101101000110
001011100001011101100001010100
100011110100101000110010111110
001110001010011111110111001101
101011001100010110100001010000
101001101101000010000010101101
001010000111111100000110100111
010101000001011010111010001100
010011000011111000111000011011
101000110011100111011001110001
011010011111010100011100110011
100010010110101111010110100000
101111110101000100101010010000
011101101001101111110110011110
100011011000100101111100100010
011110101011100001010001011000
111111110001000000111101010000
100001100001010011011011011111
000010110111100001010110011111
111101000100100001000100001101
110000000000111001101101110101
011010110011000100010001100000
010110001110001010010011001101
100101001111001001011000111000
001101100111010000101000001101
111100111001100111011111000001
111111100000010001110011011101
111100011001111011000100011110
110011101100011001010000000010
