101101010101000000111000111001
100100100000011010001100101011
011100110001000010110111111100
111111001000010010010111100100
101110100110011001111001110100
101010110111011011100100100001
100011100010001000000010101101
110100110100110111000101111001
110111110111111001011110100100
010011000111000101010111011000
101011001100111100010101111111
101011110111111101001111000110
110101110110111111011011011000
101010001111000111110100110000
010100001100001001110011100011
111111000001011011100010101010
101011000010011111110010001111
100001111111010001010111001111
110001001011110111100101110110
110011110000001111101000101101
001110100001110001100001101001
101010001111101101000000100100
010010001110001100011111111101
000100100111011110000000100110
110111111111100110111100010010
001101010001010110100110100100
001010001111010100011010111100
100100111000100000100111110001
011010101000000011111000100011
101111111010101110110010110001
