100111100000000101000110111011
101110101000001001110100110001
001001111011110001110110111110
111011110001011001001001100000
111100011011110110101001110111
111100101010110111000110110100
101011010100110001001101100101
111110010110001000000101100001
001010001010011010011000010110
110110111110101000101010011111
100100100101101010000001100001
111000010010100100000100011010
010100000101110010110001100011
000000101000000111100001101111
101101010100111100111111011000
001100001000011110111011110010
111101110010111111001010100111
110000000100010010101011000100
110011101011011010101001011100
011110111111101100011010111100
110101000000011011110110101100
010110000010110100110001101100
101110111111001100111110001000
110111011001110000111100001010
100110101000101111001110001111
011010101101000101000011111100
111010110000101101111110110101
000010001100111001111100001001
101111011001011000100010110000
111110111011010111111100011010
