001010000110000010011000100101
010010011001101000100100110110
101011100101011000111101010011
001101001110010001111001000100
010010000110001101101100101100
111111011111101001110010111100
101000110101000011000100010110
110101101001110001011110001000
101011110100101100110100110011
110110010101100111110110011110
001110100111010000000000011011
011100101110101100000001001111
010011011100010101000000010000
000001000100101101010110111101
111010100011110101011001000010
011001111010100001110111000111
100101010100101010000110001110
000000010110001110001011000001
111011110100111000000011100010
110001000010111001100100100100
100100111110000001011000111110
011110100100101001010111111111
001010111001001111110011100100
101001000010100100111010010010
111111011010011010001111101010
100101100111101111111010110010
001100000100101010000110011110
000101001000111011010110100010
100000101101011101000101100010
101001000011111110101110010110
