101000010110000101010101100110
110100100111001111111100110010
000011010111110101100101000010
001100111001101110101101100000
100000100101111011111011001001
011110110010110010100000110101
000111100000000011101000000010
010000001011001111000001001100
000011111001010000111101010010
101010011111011001001111111010
000001111011101000111101001100
011111000101110110100110001111
000000010110100011111111001010
000000101110101100010001110000
101010011100000110111000100011
010110101101000010100100000001
110101111110100100101111000110
111001100010000010001110110100
110110101101001101001011101100
000110101011111110111000001110
011111000110000110001001110001
001000100100101110111001100101
000000111101110101110000100100
100100001100011100100111101110
011001111001001101111001011101
100001100100101000101100011010
111110011111101001111010010100
111011001011111010100001010100
001000010010001010000111100001
100100011001001010111110000001
