111010000001001100010001101100
001110011011000100010110010001
101011000010110100001100111101
101011101000110000001100010100
110011100010100100101100110110
000101101011110111000100100110
100100010111000010000110000111
000011100110111111011110000011
010101010010110110011101011001
100000101010110110001011100101
010010011110010010111111101001
010101101101110010001010111011
100011110001110001100000000111
000000101101111011101000100101
011110011100011100111000111110
000111101110101001111010011010
010011000110111111110110101111
110000010100011101101010110101
101100101111001110110111111111
101110111100000101000000011010
011100111000101000011010111010
110000010001001010011010010110
001010011010101000000010111010
001110111000110110001011110000
110101000001101001011111110010
101010010010000110010011111001
111011010110010111101101001010
001001111010100101101101111010
000111101000100110010011010110
001001101011011011000011011010
