000101011111000101000000000001
111001110100110101111111101100
000011111000100110101000000100
010101010101000010010001011010
011000111100010110101010000011
101100010101011100011001010111
001101011010101000110010010100
100111110101000101001010110101
110110100101010110010000011111
001000000100001010111101101110
000000001010011010001010100001
011100011100001000100010101000
100001101001110001101001001100
001101101100001001110111111011
001110110101101101010001011010
000000011110000000010011000100
111110111000110111010010000010
011110011111110011110101100110
111011111100001010111000000100
101011101101001100000110101011
110110000001101101000101010101
101110001000001110000010011010
101111111001010001010000101111
001000000101010111110010001100
000101111001110111010101101011
110100000100111110101110000110
111111111010000000011011011010
001110011000111000111110110101
110110101000110011010110100010
011111110101001001000101000001
