110000100110000010111110000110
111101111110011000011110101000
000101011011000011110010010000
000010010101010010010101101110
000111100011011000110001011100
111110110101011100011010101011
111101101011101110000001010111
010110100000110110001110001100
011100100100010101011001011010
101001100100010111011001100111
010011111110111010000111100111
001000110110101100000111010001
000001000001011110100000110111
010111001010010001000100101010
011001100111100001101100100111
111000001111010001101100101101
010000010110111000100000110001
011101110111111111101000000000
001001000110100011101000111010
011000011111010111101001001001
110011001010101001011011011000
010110111011011000111010001101
011000101111110111101010011010
011000011100011001111011110100
001110110001000111100010001100
011101100001001111011001110001
101110000111011010101011101000
000100011100100000100101011101
000010101011000001011110110011
111000000101101101101000001010
