001001011001000011110001000101
110010100101011100000001111011
010000101100101010111010101010
110100101000100101101101011101
111001001101010000111100000001
000000011011100011100001011111
100001000110100001100001001001
000010101110000011011010110100
011100100101001000110110010101
010111010110001001001000111111
010011111101110001010000101101
100100111110111010101100101110
100100000111011110100000010010
110101000101001001101001010000
001010111010001011011101101010
001011101111101101001111111010
110110000110001010000011010110
100000101100010011101011011010
111001111011011100010011011010
010101011111101101001001110001
100000001110010111000101000011
010000011110100010100011101101
000100110110000111010000011010
000101011111111011110110001110
101111010101111001101010101001
000010111101100000010001101000
010111001000001001000011000010
010110011101000000010011100110
110001011110011111111111100101
101100110100000011001010110000
