100111010010101111000011011010
111010010100010010111100111100
100100110100101101110001110111
110110010010000001111101101000
000101010100010101011010111110
001011101011001111011000110011
100101001010011011010101000111
101000100100101010110101111100
110100000100100011110111110000
000110101100001111001111101111
000010100110110000010010010111
010101111001111111101110111111
111111101110000111110110010110
011100100101100101010111111110
100000010010100101110100100111
000000011111101000100000001100
100001011110001110001000101110
110110011000010100001100000100
000011111110110000010000000100
111100101000000110011000011010
100001101001101100001111100110
011100100101111011001111011010
010110110101000110100011110101
111011000001100101011000011100
000011110100110011001001010001
011000010100110111000011000101
110010010110011011111111000111
001000100001000010000111010011
100000111100000000010000100001
101110011111000110011111011010
