001101111110101101100101110110
110000001010001100100110001000
111100100100011000100010010010
110101001001111100110110101010
110011101000100111001101001001
101010001100100001100111010110
101111001101000001101111010000
010111101111111001110111000100
100001101100001011110111101110
001001011100001010001011011111
100001100001111111111011001000
001110000111010100010100010010
000101111001100100010010100001
010001011011110011001001110000
100110111111001111011011111100
110001001101100101010000111000
100101111110000100000110100100
110111011101000111100111011011
100110000010010110100001010011
101010000010010000011011010011
110111010010001000010011111011
101100010100001111001001001000
001100110011100100100110101011
000000100111000011010111011011
001111111100101011010011101101
101010100110011010110101111100
100111011100110101001111010101
101110010101000000111111111000
100001101001011101001100010100
001111100011110100111110000010
