100001000000110000001010111001
001101011010001001100010111110
010111011101010010111011001100
111110011010100110110101110100
011100101010001010000101000111
110101110101001000010111111011
001000101010111010110100000101
000110001000100001100111111100
000100101011000110110111111001
010010101000101001101101011111
111010001101101111101110100100
011100110000110111101101111010
100010010101100101010000010111
010010110011111010010010011001
110110000110000100101110011011
111001000100000000010001111000
110011010011001110010101000110
111101011010111011011001000010
011101111100010111111011110100
101001011101111111010100010000
110100000100101001000010110110
110011011001000010010000000101
110001010000010101100000010010
110111000011100111101110100000
101100101011101100101101011001
010011000100101000100111111100
011011111001001001111111110111
101101011101110000110000000000
101011110111010011000001111101
000101110110011001001011001000
