100110110001001110010111100111
111000100110101010101011011001
100000111000000110011010000111
010010000001001011011100000011
101011011110001001011010001110
110110000101100111110100001111
100000001110111111010110010000
000001110001111101111001001111
000100111100101110100001011001
110111101000011110001110100100
000101011001000101110011101011
101110111101111000010001001100
001101110110111000010001011011
100001011000110111010000011110
111000010111100000001110000111
111011011100100111010000110100
000110101011111000110111011011
101000010010001111101011010100
110110100101101011010110001011
000110010011000000010000111011
111111000001010100100111000011
110100100000111011100101111100
110100011001110110111110010100
001011011100010100110100010100
111100100000000111111000011001
010111100101100010000000110101
100000111011111001011110111010
010001000100011011010111100111
010010110101001010101110111100
000101000110001101010101010101
