101110000011111111010000110100
110101111001110001011010110100
001011011110110000111000000110
110100011100000111010110001100
010010100000110011101111010101
100111000101011110101010010110
000000000100010001001100000110
000100010010110111011011110101
010111110001010001100101010110
101010000101011110000100011101
001101010101110010011001101001
101001011000100110110001001001
000000111111010000000010101001
010000101001111100101100101101
100011101000001100100011000101
111111111011001110000110111111
010010001111010100000001011011
001100111000011101011011110111
010111011101010110001110011100
000110000011000001101000100110
000100010100110111010011101001
011001001101110110110110000010
110010111101001000001001000011
100000001110011011010100111000
101001011000100000011111011111
000100101011111010100011010001
100011111101111000101010001110
100111111011010111110000000110
001011111110110100111000010111
011100101110110000000101000011
