000010000111111100001100111111
000011001010101111000011011100
011010011011110001010100001010
100000001110101111011010000110
111011110100000001010000000011
000000101101000000010010110111
111110000111010001100110011100
001101100001101010001001100111
100011000101001101101110101111
110100011000111101000000001110
101100110000110100100001010001
000000111111100001101111111011
111100010101010010011100000001
111100111101100111000100110001
111010001001110000101101100000
100101101111110000100111001011
101010011100000001011011100110
001000001001111111111000101010
001100000101110011111010000111
001110110000111100100000100001
000111010111111101111111010101
001001111011111010010010100000
110100100001000110010000111111
001000110111000011010000001110
010000111011110110010011001111
010011001101011101110011010100
010010111101101110000001011010
100000110011110110010000100101
110110000110101111010010001111
000100000111110011111010110001
