110110001011000110011011010110
111100111010001111110100111010
010010100111100001111001101100
010100001101110101010010000010
101111111000100000101101000111
001011110100000111101101000101
100111110001001001010101000111
110010001001010101000100001111
100100010000001000011110111010
000010111010100111111011111110
100011011110110000101101010011
001101100100111100110100101011
010011001010000010111111110001
010110110111110000011101000001
101011101101001111100000101111
000000111111111001010100110110
001101011101101101111101000100
110100010000101011010011111010
001000010000100110111111111100
011001111001010011001111100100
010000001011101001000010110111
001010000000010011011110100100
010000001010111000101011011010
111010001110100001010101101010
010010001101000100000111111000
111011100010100010100110001111
100110001100011110101100111101
010111111011000010101110011101
101001100010101100000011111101
011001000111000000010110110001
