111101110110011000000001100010
010001100001110110100101000100
001110001010000101010111001111
111100000011011111101010111011
010100011110000110110001110000
000110000100110000011100001100
101000001000111010101110010001
010001111110111100100100011111
010010010001110111001010001111
111111010100110001110110100101
010111110110111001001101111100
101001010011000010010110101010
110010100011000001111001011101
011000011101110110101100111000
001101000110001100111001110101
111111101010110000100011100000
010110110010100010001000001111
001100101100100010110001100010
101000001011000100011000000100
100101111001100010010110001000
110111100101101100100011011101
110110011110110010001100001111
010000010100111110101100111011
010111111001001011111100100011
100000101000010000100000101100
111011110111100100111011010000
101011010110100110111111001011
010101110010111001001001101110
111111100000100000100111010011
011111111010010011101010000100
