111010111000110101100111000100
111001000011000000010010101001
111001000000000101100001101111
101101001111100101000110000011
000110001001100000111111111010
111111011010010000111111011000
111010001101100101011111110110
001100011110110111000100000101
011011111101000101011010000101
110011111011000000010011100000
100000000100001000011111001100
000111010011011010000101111011
100000000100111101000001101101
011001110110010011111111001010
010100110011000000100001110111
100011011010101001111001101101
101110100011010110110010110011
010001000101110011000001100111
100001001001100010001000011011
001000010111101011100111001100
101001011001101000100100010110
001010110110001101111110111001
101011001100111011100010010110
000000101001101000101010001010
001110100010110101110001111001
000011001001010000111110001000
000111110101001001001000100011
010010111010010101111010001011
001100111011010000101101101000
011001101101001000011110111011
