101101000110101001110100100010
101100001111010001000000111101
100000010110100111011110011111
110101101001111010110101000000
110111110111111101110011001000
001001000100000111111001000110
111000111010111111000101000111
010111110100000100101011011000
001100001101110010011001000000
001101000011111100111001100100
011001100000011110001000101001
100101110011000110111111001100
010110100011111001000011101101
101000111100011110101111111111
110010100101111001111100010010
001010101100110110011111001010
010111101011011100101000111001
011000110011111010110100011000
101001010000101001101011111001
000001100010011101100110111010
000111111110001001010101101111
000110010011000000100111100101
101000100101100001011011000100
101010001001100000111111100001
110111010100010110000100001101
000011111101011110011101001100
010110100111111000010111101100
110101110001010001100010000100
001001101100011001001101101100
100111111111111110000011001010
