011111001110110001001111001000
000111101100100110010101100010
111100101110001110000101111111
111010110111111011100000111001
001010101110100110110000001101
000010000010101001110010001001
100110010001000000011001010001
001011111100010110100010100000
111101000101111111100000010001
101010111001111001001111011011
001001011101010011101010001010
100010111111100011000111101100
101000111010100101011000011001
010100100110001110010010010000
110101011010011000110110011011
110110000000010110100110111110
101100001001100111110011111000
010011001111110100010010001011
011011100000101100011110000010
000010101100001101001111110011
010010110110101101101011110111
110110011000000100001101101001
011010101010010110011100001011
010111011001110000011011101000
011000010000101001100010111101
110100000011000000101010110101
001100111010101010010111101110
111100010100000001101001111011
001010100101101000100001000000
000010010111111001011101010111
