100101001110000011000101110101
001111010000001001001000101010
111011110111011011111000011010
111010100011011001010100011100
111010011101111000010110001001
110000100011101110100111010011
111101011001100001101001101101
000011111011101100100110001010
010101111101101100001000010010
110100111001100010010000001001
111000001011010110001100110110
111010010101011001010111011011
011111111100011011010101101101
011001111111010011111010000000
001001100101111001101111000000
111101110101101001111000000111
001011010011010100001011110000
101010011101010110010100011111
000110001010010101110001110000
011110000100100001101101000010
100111000100001100111111101110
111010001001101100011011011110
110110110000100100100011100100
100111011001000000100011010011
110111101110110000100010100011
001001000111000001010011001111
000100001000111011110010010111
011011011011101000000111010011
101010000000010001011111111101
100111110010011000101011001010
