100111000111000010010000000011
001110000011100011111011011100
000010100101000111101001110100
001000100101100110110101111111
000111001100100100101111000110
011110010000110100111101001111
001000011010110110010111100100
000100110011110010101100111101
100100100010100000011111111101
001001010011100000101100001101
100100001001111100110111011101
011010011010010100110001001001
110100011100101001010010101111
010001001010100000000010011101
010000101110001110110001111100
110001000100000111010111110110
101010110011001101101001111011
111010111100110100011110011011
101001111000111010101001010100
001000101011110001011010100100
111110110101010010101001100111
111000011101101101000111100001
001000010110010101101111010011
101001100100001111111100010011
110101100000100110000111011110
000100000010011001001101110011
000011111101111111000110000000
010001111000000000000110010111
001001100101101010011101111111
011000100101100101111000111001
