000001000110010011101101010101
011001110010110010110011011110
010011000110100000001001110000
111001001100110011001101101100
101011011100011000011100011011
011010010011000100101001010100
101011110111000100001101110011
100001011001111010010111111011
101001110100101100001000100101
011110001100001000101011101001
010111101111110000000101110101
100100111111001000000010011110
101101111110010100011101001111
010001100001111011110101111100
001111001101111000100110010110
111101010011011010110000111110
110001010010011101110001011001
010010001101011011001000000001
110110011101011001010011100110
000011010001011001101010001110
101100001011010000011001101011
110001010001010111010001011110
110111011011101001111011110100
010110100001111100111001110001
101100101000010011011010010001
111110011111011101001100011110
011010001101010111101101101001
110110101110111101011010011000
001110001001001001100101110110
001110111010010001100110000000
