100101011011101011111101100010
111001011000101100111011101110
010111111001001001001110110000
011001100111011001000011110010
101001000000001110001110001110
101111111001010011110101001011
001110101101110101101010001101
101101000000111000111110111001
110010101000111111010001011101
111111100101110100111000001110
111111001111001010011101001111
111011111101111110011011000000
101110101100101101010100110001
110000111110001010011111010110
110101101010010100110010011110
100110100111100001100010000111
011111110001101110001100000100
001000101110011000110001000001
000101100110000110000001001110
111011010001111000011111100011
011101100011110101011101100001
011100100001110111001001111110
111000010000011110111000010011
100010101011101011011100000010
000101010100000011000111001000
010100001101010011011110001110
101001101010001100100011000000
010000010110100111100011010000
000000011000001000001000101111
011011000110110001011010001100
