101001111100010001100000101100
000011011101000101010101011000
101010110010000111001001011110
100111011001001111011010110100
011110011100101010101101110001
001001011101101100010011011111
110111111111001111000010001001
010110001111101110111101100000
000111001000111011011000110101
111000101111011001001110011111
000111100100011111011001111111
111001000010100000100101011111
001101000101010110101100011111
000011010111010011001101110001
110111100001110010111100111110
010000001111101001001000000100
010011010000001100111001000010
100111101110010001110111011110
001101000000100010011000110011
001111110000010001110001111000
111011101010110110011110011101
100001011011101001101011101010
101010000010010101110011001111
010010110001001011001011110110
011010100010111101100111110100
100101110100100000010101110001
111011011011000101100000111100
111111111011101000010101111011
101001100100010100010001110001
000001110110110000110111110010
