110000110101101111010001011100
111111100011110100000110101011
011001000100101101000111100001
100011100100001110111010000001
111110111001010001101001000000
100100001100000100100010011101
110011001000000011101001100101
100011111110011001010100000010
000101000111101101111101100111
010100100001111101001111010100
000001000100111011001011011011
000000000111000000000110110000
100111101101001010101000001111
011110010110110010101000111000
101110111101010011110001010101
011010110010101101001101100101
010111001111000100011000010000
111000101101100000011001100010
100111011101010001100111111000
010100110001111011011000000010
100010111111100101100010001101
011101101000011000100110111000
110011000101011101011110100000
100110000101011101011001011101
100001000000011001011001111110
000101000001010010010100010010
010101101100100101100100100000
111011100001001111111000100000
110100000101001100101111110110
001111010101010111010011011000
