011100111001001011001010100000
000000010011010110110100111100
010001101110011100111111010000
110000111000111110111110101100
001000101011111011010100000001
101100101110101011000001010010
101101100111001010000110110111
111100100001001000001111101010
011110010100011101111001011011
001011010001000010010001011100
001100001111101001000011101111
011111100100010100000001100000
011001100000110000111111110001
110001000100010111101001110111
001001011110001001001101101001
100100000101111011110111011110
010101110001111010101110010011
111000110011001110010010000101
111110000010111111111100110110
101101001001010111111100011111
011111111010001110101100101111
110011000011011100101011110101
100101100001100111011011101000
000111011010101110101011110011
010111011101010101111001010011
101111001001000100100100100000
011000010111110101110001010001
010110111011101101111111001110
110011101110000110000000000011
100010000111110111110011110010
