110010000100110001100000111111
101001011000101000010001111000
101001001001101000101101101001
111001011010101101101100110101
110001011010010001010011011100
011000111111101011011111101111
001111000011000100110011111001
011111000100000001011100010010
000000101101011101001011010111
111110001010110001110100001000
010101000111110110010001100101
110011001101111101111100111001
110011011001001101001000001100
101101101100111001010101011011
101101111101010010111100111101
000111000010100001001101000000
010010011100001001110011110111
000011100111010010001100110001
000010000001110111110001000100
000101110000010001111101101010
101110101010110101111111101111
011111111011100000111100111110
110110111010000011100000110001
111101101000110010010011011111
011101101101010000111101111110
101101101010011110111100111001
100110110100011011110000011111
011001111111010101001101111101
110010001001011000101011101010
111011011000010010010100010001
