010101111000110001100110001100
001110001011101111111110100001
110011001011111110111111011111
001011010101001100111010100111
000101111100011011010111001001
110111111100101110111001001110
111001001100001001111101011100
100001001110011111111100001110
001101101100100010100101111100
110010000110001010100110100100
111000001001101010110010001001
111110011101011001101001000101
010100010100010001000011000110
100100001110100101011110110110
011101100110110100001000001010
001000011110011111111010110101
000010100111101001101100101011
111111011010101001010010110000
011010000110100010111010100110
110111011111011010010110100110
100001101101000000001011001110
100011000100010100101001101011
010110111111110111100010010100
010000100010001101101000011111
101011000101000110101010101111
110110110101110100010010101000
111011101111001000101100010010
010001101100010000111110000110
011000111010100011011111001000
101001100010010111010000000111
