110101100101100101111001011100
111010010011111011011111101001
011001010110110011110110011000
100110100011011000111001001011
111011100000011000100011000100
010110110110111011100010111001
001110001100111000001000111111
101011010000000000111110100111
100100001111000100001001011111
011100101110001101010011111001
001111000110110101100100111111
000011100111011001001010011110
010111100011001001110000111101
010001110100001101111010001111
010001001100111011110101001001
001100000100000111011000101110
010100100100111101011110111010
001101101110000100000000000101
000110101010001000101101001111
111111001000011001111000011111
001111011001011111010110110111
100011011101001010111111011011
001110001111100110110001111111
111000110111011000011100001001
010010011111010001110011100111
000100011100011101000111011111
101100011101100010010010000101
000000101111000011110000001001
000011000110001110100000100001
000010111010010001101011110000
