011010010110011101101001110011
110111001110100010011111011101
001001001101011010001011000000
010000001001011110011111010100
111010011101101001101010010000
110100100100100000100111110010
101100010101101011000101111000
111111001010110111010010110101
011101110010001111010011010101
100011010000001001101001010110
111010110100111100000101000110
111010011111010001111001010100
010011110100000110000001110011
011111110001010001110001101100
110101011101000100000010101001
011111000010011100111101011101
100101010010011011000101111011
111000110111101001011000111110
010101111010110000010110110010
101101101101110111000010010001
100001101110101100101110011000
111101111001101001110111110110
100010011010000000100011000111
100001100110101111010010010001
100110110000010111111011111110
100100000001111011100001100011
000100111001011111100111110010
010111111001111000101011100100
000110010101011010001101000010
110110101101001110011101110010
