111010000001011111111111110111
111110100110010101100101100001
100011111011000011101110001011
011110111101110101100101001101
101101101110011000111111010111
011010011101100111110010101101
011010100011010100011010100100
000011010001000011111100101001
111011110101111100011001001111
011001101101010110011011111001
010000100101101000110110100011
001101101110101010000100001111
000101110000110001110110111010
010111110101000011010010101010
110110000110001100110000110111
010011010100101101100000011100
010010000001001111010010111011
100001110010100100101011011011
101010111111110101111010001001
000111111100100100101010000000
111000010000110011101011101101
101011000001100100101110010010
010011111010111000111100001000
010110111111000110110011011101
001110111110100001100110000111
000000100110001001100011010000
001000101111111010110001110111
000111100110010011101101011011
101101000111101010010111111011
111101111010110001000010101111
