000101111011001101001000100101
100100110000000000000011010100
010110111101100011110011000011
101101111011101010101011011100
110011101000110001011101010101
000001011110010111001010111101
001101011101100110010000100011
001111000111111111010001101011
101100111100011011011111111001
100011010111110111100011101011
101011010100001001111110110001
101101100110100110111111111011
111001000011010010011000111010
101100010011100001001000001111
101010000111111110011110100100
101011111101010000111010010010
001001001101101011101011101010
010100110101101100100001101010
111001010101111001010000010100
001000010110011111000011011101
000000111010001010001111010111
000101010001000000001101111011
110010011010000010101100001100
100011101111011011000010100110
000101000100001110100100000000
100100001100010011011000101000
011001110111001000000011011001
110001011110110101011010000011
100101010001101011011111000001
110011111011111110110110110000
