110100000010100000100111100100
001001011110011010100110001001
100111001101011111101111111001
110101100110100010101001010001
101101000011001110001110011010
101100101000110000100100010010
111110100010100000100001000111
100001000000101111100110110000
101010011011101000010100011011
000110110011010001110101101011
111001100100110111010011011011
001000001001011101100000110011
111000100001010101001100011011
100111001001000001101110000110
111010010110011000001001111001
111010101000000101111111101110
111110111010110110011111010000
101111100010011001000101101010
101100011100100101100011010101
000101101110001110111110111011
100100010100100110101101011000
010010100000110011110001100111
100101111110011110100100110101
010001001010100100101101111101
001001111000011111010011011111
000001111000100111100100010010
100011100011010010100000000010
101100111100101110111101101110
111111100101000000101010001001
110001001011001100010010110011
