011010000011101011010010110001
100100000111100010110110110011
000001111100111110111100010000
111111101110001011010101001110
111110111101100010010011001010
111111000011000001010011100010
110000101101111000110111000001
011001100000101100011001001011
011011011101000111010111100001
001100001111100101110000001100
000001001010010111010010110000
010101111101011100111001001011
001011111110110001111100010100
011010001011111001101111111100
000110000001011101011101101111
110101011000000111011000000001
110111100010110001011010000001
011000110100101010011100101000
101000000100001011110110000110
101111110011111011000011101010
100111101111110100110101100110
001100011100100010101101101100
111100011011110101001000110111
100011000110110000011010000101
010010110101111001101111000101
111110010001110010011100111011
100000111001001110010101100101
011001010010010011100100110010
100111010110000000010111101001
111111010001010110100001010011
