000010001101101000110101100110
001100001101110011000110111010
111110111000010111011100011101
001101101111011000000011001000
110011110101000011010101100010
111110110111011011010110111100
001000110101111101111111010001
100101001011010111101111101011
111100100100010011101011110111
111100101101100011110001001000
111001011110110110110100111000
000000010011011011100111010001
111111111010010111110000111010
101011101100010110101111000011
001111010011000100011011100011
001110000101011110101101110100
111010111000000011111001111100
000101000000001101010001110111
111000111101010010001110111111
000110011001101010111110000011
101010011011100110010110011111
010001011101100000110010011010
111000110101111111011110000110
110011010010111000001011101100
010100001101100111100110011101
011101010111010101001111000110
011111110001101011110100001000
000001000101010101011010111000
010111000110110111111010010011
111101111010001111100101011110
