010100011011011011111100001100
010111010111000110101111101011
101111100100100111011100101000
110010111101111000010111101000
110111001111000000101101111111
101000000111100101110011111010
100010110000110110101000010111
100010011110001000010111101000
111101010100111100111010001011
101010000001011001101100111101
110101011110001010101110111100
111001010011010000011111001111
101010101110011110001111110110
110111111010010101011011001010
001110001111101001111000111011
101101100101011011010111101000
010111010100101111010101010100
010110101110010100110101000100
001100101111001010010110001010
010001010100110010001011000110
011011011101111100110000111011
100001100100010001111101111111
100110000110101010000001000111
000000100110100011000001000100
110011000011011010100110011110
000001010111001011000100011010
101100111010110101010111111001
000001001001100000011110000000
011110110110010111011110100100
011000100100110010011010011000
