011000010101000100101100000000
010000001000100000101000000000
000101101010100111100110000011
001101001101111001100111101101
000101011111100101001001101100
000000010010010001001101111101
011101011001001000110100111010
110000101000100110101110110111
010001010101010101111011101100
000110100001010000000011111000
001110100011101110010010110010
101001011110011010000010110110
011110110111000101100001011000
000101110111100110010110100111
001010010101001111111001000100
101111101001101000101110011011
110111011010001001001011110010
011100000011010110101100000101
110010110000100110110011000011
010101101011110000000100000101
000110000001000001110011010101
000101101110100001000110110100
000000101011001111100000001101
111010000111110000000000000001
110010011101110011100010011000
001111000001010010001100100100
111011001110100010001100110110
110100011010100011110101111010
110100000000100001101100001100
110111000010011010011000011010
