100011100100111110100111000010
011111101011110010010111110011
001010111000000011001111100000
001000000101000001011111111011
110011001101001000100111010111
101100001110000000100001011001
101000110001110110011001011101
111001000111000110111011110000
100101000100001010010101010011
110001000110101110100011111001
000111101000110011100110111110
001111101101101000111011101101
010011010110010100111001101101
010001111101111111011100100001
011101100010001010001000101011
010000101100001111001001111101
101001101011110100110101010001
100010001101101110000101100001
101010010010010001110001011001
010010001001101110100000001110
110001111001010111100101011111
100010011010101000010101000111
100000111010001001000100011110
000110000010100010110001000001
110101110010100000111110110110
100100110110101101000010001010
111110000001000010100010100000
111000001111111011100111010000
010010111010011111110100001000
111101100100100101111000011100
