001110101011110011100011001111
110100110100101111110011101100
111101101101011000101111000110
011011101001101111000000000010
000110000000011011011101101000
011111100000101011101111100000
011110110100010011110010110101
111110100000110101011100111011
101110010001100100101100101111
001011000010111101101100010011
010010111110111110010111110100
101111100111010111101100101000
010111001110101100101010110111
101000000101100100001000100111
100010011011000111011011111011
110001100101011000010011001110
100001100011111100011111101101
010011110001101010100001111110
111110011010011111001101111110
100011100101011100111001100001
010101000010101010010110111001
110001100101000110000010100101
011011101100111001110110000110
101111001001011111001101001100
111001111011011001011111011111
000000011110101010010100000101
011110010111101100010111110110
011010011100000011110111100011
011100001111100100110110001110
000111100111001001101011100100
