001111001100000000111011100011
011110111101111100010101101001
110110111101001100011101010110
111111000111111100110100010110
010100100001000010001010000101
000001101101010100001010010101
010000101011011010101110010111
110110101101101011111011011001
110111100001101001010010100111
100100111110111111001101111101
010010000000110011001110111110
000011000011010101010111101110
011001101001100000011001111010
011111110011000100101111110100
011111110110000001110110111100
001001100101101011100010111111
001111000111011110101110110010
001001010011010111001100111101
010111001111110000011000001011
110011101111110110110101100111
000100111100110001110001010011
011011001111101110110100010010
110100111000101011110101001011
101101000011110011101010000101
110000110011110101111111000000
101000111101011000101111100010
001000111001101001000010101100
110100001010011100000010100100
010011101000100101111011111110
111011110010011111101000010011
