111001001101101000000101110101
100000100000101110011001110001
001111001001110110001010010011
010010110111101100111111110011
100110010000101011011011011001
010000101100001110101001000011
101101110100001011110101110001
010010010000001001101101111111
101011000001000101110100110001
000100010011000001100001101010
110101011010001010100110011001
101011001101100011111000001101
000001011101001101001111101110
001001001110100110100010010100
011001001001011101111000101111
111000010100111100000100001001
000011010100110000110101111011
110001100110011000001100110111
001100001111011111000110100101
111010111100101001010011100001
010011011111110101011111110101
111000010001001000010100101101
111110001111101010101010100101
111100110010101000000100010010
100011011001111101111111011011
101010001101001000001111011100
000001001011111010011000101001
110010110101110110100101000111
111000100111010001110011011111
010110011101101110000001101011
