111111001011000001101110001010
100111101100000011111100111110
100111111001111011000110010000
010011010101010111100110001010
111111110001000000111100101110
011000100100000011100111111011
011111001101000111100100111100
101010101100111110101011010010
000100001011110100000100011100
101001100111111001100010010110
001001011011111000111110111111
110011000010010001100100100101
011101100010111111110111101010
111001011000100010001110010110
110011111011111001001010111110
010000111001100011010111001100
100011011001101001100111001111
001101001000010111100100111101
111101010110011100110110000010
101001101111001101111100111010
100111001101100101110110001100
100100110111011101001000110110
011000011011000001100011010000
010100110010000101011110010111
000100001000000000100110001010
001000101111101011011001010001
110111110101101101101101110011
011011111011000011011101011001
010101001110111100110100000100
101101001101101110100110000110
