101100000100101111100010011011
010010000001010111011101011001
010110011011100000010110110111
101001000101111110100111011010
100001001000001111011110010100
011001010000000000111011000010
001111010011110011110001100111
100110000010110000100010011100
011001110111101111011110011010
111110110100000101010001011011
010010001001000011011100000111
010100001100000001101111110111
010000010011010100101010000111
100011101000001011011010011000
001101011111001011001010111001
111010010001000101101111110111
101101000010000110101000000011
000010110100011101001011100011
010101110011100000000001010110
011001111101100000011111111001
011100001110111010001111000000
011101011001011001000001111110
110100001101011010000011010100
111010111100010100101000111110
001111001011000111001110011110
100001001101100010000000000100
000101010000000001000000011100
011011000000010111011101110010
100111110111101011111110000101
001101000001111101010000111001
