110000111001110000100100010100
001010011011111011011110100111
110001001001100101101110011101
011010111000000010000000001010
001001000111010011111101110010
001100000000000101100011101011
101100011111100111011010010101
100110001001000101001011111110
110101100110100111001010110001
010100100011000011001011011011
000111011100011001001111011110
001010011011110101100101000110
100101001011011010100010111100
100001010111100110011110000101
110101011001100110110111000100
110001001000010011001011111101
110110011100000000010111000101
110100111001010111110100000101
101011100011100000100100010111
000110111101101001111010011101
100001111011000110111100000001
001111101001011101111110011110
000011111000111101000011100000
010001111110101111110011101110
010110100110011011100010110100
101010000010011011010011000100
101110100111110100110110110100
101001001001001110101100110011
110101101110011010110110101111
110100010100111000000001111111
