110111101010110010101000111111
100001111110110100111100010010
101111100000010110011100010100
001011000101111000111000100001
000101111100011011010101110111
001101101101111110100111101100
101010010001111110110100110011
101100000100111111110001111000
110101000110110100110101110000
100100111001101011111111011011
110111000010010011001111101000
010111010001101100110110100001
100010101100001010101100100101
001100101100001001100010111101
000110000000000100000011101100
100000011000000000000011010101
001001010000001000011111111001
111110111000010001000101111001
010010110110011101000100010011
100011110101010101001110000110
111111101111001001011101111011
110010111010011101011110100000
110011110110000101101001011110
010100100110110100001010000110
110110101110001001101001111101
001101100001011111001110011100
110001000100001001011000101101
000100100000110101110100011000
100001110011101100000001010010
011101000100100001100111101100
