010110010100101000010000010110
010001111101110101010001100011
010010111100010100011110100101
001111111000111011010010111001
000110011010111110011001100000
110011011000000100001000010001
110110101111101100011010011100
001111001010110101010100101100
001110100100001100101110100001
001111101011001101011011001111
001001001010110101110001000111
010011010000001011110011110100
010000110001000111010101111101
110111101001110101101100001001
100000100101001001100110001100
001110010100010001100010101100
000001001101001001000110001001
111001101101001000111101110100
011110010000000011111011010011
000110001101110101000010010010
001000001000110000010011110001
011110110000100000100000000010
010111001000000011001011011011
000110101011011100011111010001
101110000011100001010010110000
111000010000010100001100110111
100001110000111010011101001111
100111100110000101011110101110
111010010100100100110111111000
000011001101001010001100101101
