011111101100001100010111111100
011011001010111101100001011111
110111111110111001100011001001
011110111011011011101101110101
101111010100010111100000110110
010100101110001100100111011001
011111100011101011010101111101
100011110100001011010010010001
001011100000100111001101101011
111100100100111101110000011011
111011001000001100101011000011
001111110110000001100110111001
001110111110111111101101000010
001111100011000011000101100001
101110101111110110111100111111
001101011111111001001101000101
010110111100110111111010111010
001100000010100011111110111110
001010101110000000101101010001
010011100110100111111001010010
101100111010111011011101000101
111100111000110111101001101111
100110100100011101100110011010
101101010111111000110011111010
110010101001000101010011101011
101011000011001101100110111010
111101110111000100000010110111
110111000000001010111111000010
110101110001001001101001001111
001100010100101101111110011000
