101010100000100111000001100010
011110010111000101011100110000
000011000110010010101111001010
000011111111000100101101001100
100101111011010110001101010000
110100100110011011101001110001
100100100101111100101001100100
101110110000111110001000111001
110100101000001101000001010011
100001100110111011110110000111
011001011011000010100101100111
001101001000010000101001011001
000111000010110111010001000001
101011100111110101011011101110
100110100110110110111010011010
011100111000011011001010001111
001001100111110111010100001110
000111000101111101000010111110
111010000000001010101101000101
110100110011100001111101110110
101110010110101000000100110100
110001000101011000010110111000
100000111011011010000010101001
100100101100001111111101110000
101011111100001010000111101011
100101110011110000001101001101
110111111001110100100100100010
010010111010011101000011000101
100011010010110110100100000101
011101011111001011100110111001
