011011111011110100101100011101
101010100000010010000111111101
100100010100010000010011010111
000001110100010010110101000100
001111101111001011100001101011
100111110001010000100100101110
000110111100100100001000010100
110011100001010100001011100101
000111110001000101010000111110
101111011001001011111110111010
111010111111111101001100111010
011111010111100001111011010011
111100011010100110000111110101
001101110000111000110110001100
001000001110111111111111100010
101100011001101010100010000011
011100011110110011110000001000
100010110101110000011011101101
011101111010101100101011101100
001100100010101011011000110001
011001111100011001101110111110
001101100101010010100101101100
010010000100010100001001100011
001011100010110011010011110101
100000110000111111010000111111
010111010000101011100001100111
010111011001100011011001000111
000101001001010110110101111101
010111010100011110111010101001
100010010011001000000100111011
