110010000001001001100111000101
010111111110110110101010000101
101001101101101010000111110001
101100011100111110011000110000
000110101011101110101000101001
001001110110100010100100011111
110111011011000010001010101111
111100101000100000001001100111
010111110100001001111101101001
000111010100111100100001100100
000000001000001101010101001011
111010010011010101010100101011
011001111111110000111011010101
111101001001110111010011000001
010110010111011101110011110110
111101111000011100111111000111
111000001101010001010101110011
111001001111010001000010001001
000101111000010100101011100100
001100010100000110101110000111
111110001000001110010010000011
011111100110100101000001100011
011101010111101010110110100101
000000101001100100011111100010
110111000101101111010011011010
001100010110001111011100111101
111111111010010010100101100011
110111010001101000010110101011
111001100110101111110000100101
001011101001111001101011101100
