101101110011100010010001000001
110111100011000011011000101000
101100111110000011001111110010
010111010101011100001010101011
100010100011011101011101101001
000001111101011000110100110100
011000000110011111010110000110
001110111010101100101011110000
011011100001110111011101110010
111000110000111000001000000001
011101101110101100101100101110
110100010101110001100010100001
000001110101001011001100101000
111101000010010011110111000111
010100101001101110010011010110
010000011111001101110000111000
111110001100110001100010011010
110011110110101111001111000111
000001110000010110010101100000
110111110100100011000001011101
110110110001011100011111010011
100101011011111111011101110010
101110010010100011101101000011
010101110000110011101111111011
111100001101111001011010011010
100001111110111101001010110010
000011011110011111111111100011
101110011101011011011111100010
111011100110110101111100111010
001111101111111111100001110011
