000001101011010001111110101010
001101110101001011000110110000
100100010110010010011101110100
001011110010111111110001010101
000011011101111000000011000010
001111101100010101010001000111
101010101100101100110101110101
001101010000100001110111100111
010011001001010011011011011011
010011010001101001100001111000
101110000000111100100001110110
010100110111101001110001111010
110110001011001000100011101110
011010110100001011011010100111
011000111101010001000101101011
111101110001010010011001101100
011101001001010111010010110011
110000000010100001001000001001
100101001100100000111110101101
111111011101110011110011000100
100010010010111001010101010000
101101100001101100101101111110
110110100011011100000110010000
100101101101000001110110010100
100110001010101101011000100111
111110110111110011110001000010
110010111000110101111111110010
010001000010110101111100010101
110100000111110100111010000010
001101100001001000111101001010
