010111011101001000010011000111
110000110110100000010010101011
011000111100011101010110010111
000000001111011101100100101001
010110011000100011111010001111
001001001000011001101101110000
000101110101000111110110010001
011010111100011101111001101000
011101111110010000010101000101
001101101110100010111110010001
010110100100100110010110110000
100101011010000010001010111000
110100001111001100110000111100
000011100010101010100001000001
011011100011110101010010011100
111000100110110110111111011000
110111001000100000101010100111
111000101100011000100010010010
001111001100000101110000010111
011011100011110101100011100101
100001101000001111101100011001
111010000000011010000110010011
110000000000100000100110011000
110010111111000111100000111010
010011001100000000100001110111
101001110001110111010111001010
010100010000101010100000110100
010110011101011011111001110101
101100001110111011100101011101
001100110011001111001101001001
