100101001010000010111000001111
110110100010110001011101110010
001000001101011100000011110010
011011001001110110101100111101
000101101100100110011011001111
111110001011010111111011000010
011010000000110101110100101111
111111100000100110110010001101
101010011000011001001110100001
010100000111100101001111101011
101101001001111011100101010111
100010010001011101011010101000
100111110100110010100100001010
011001101010010001110010010000
101111110011100010101100011000
101001101010101011110001000100
101110011010101001011001000100
101011000001110001111010101100
100101001010111011001101111010
110111011001111011011100000111
110100100100110111101100111010
100101010101101111000100111111
001000001010001101011001010010
000000111101111001001011001001
011100000101110110110011001100
011101100001000101011110101101
101000000101110110000110100010
111101100110001000101011100100
011110110000010010011010000110
011111111111101110011111010000
