101000100010000001111011011110
100000011011101001001001110110
100111001000001000111001010111
100111011000101101010000010001
100000110011111011000101100101
001100110011001000010111000000
001100011110011100110000100110
010101000100111110010010011001
110111011010111010010110011010
110110110101111101110111100000
110101100110111110000011001101
011001100111100000011101001001
111011100010010000000011110100
101111010011010000110111110011
111111100101110100101001101001
111101110010000100100110101101
100011100101100101010100101100
001101001000001001001011011110
100001001101011010001100010110
010101011010101101010111000101
101011100110000101111000100011
110111010101001101000111000100
000100011100111101111110110111
100111110100000000001010101000
010011000110101011111111101000
010000110010101011001101110001
001000100010010001111000110010
000000010011110110101111101001
000101000100011110000010110010
111101011000010111111110111000
