111010100110001101100101010011
111011010001011110010111011110
111111011100111010000110111111
001101111011110101001011111011
110100010001011111111110101101
000001101011011110110010110011
001001101001110110000100111000
011010110001110101100010000100
101010100001011010001000100100
111010111000010000110000100000
010001010010001011111001010000
111101111100100100111111110011
001101101000001001010101010010
101001000101111011000110110101
001101000001111000010000101011
111000011101001110000111100100
101111101111011111010001111010
010110000000010100101111111110
111000011011111101101011110010
100111110011011110100001000101
000011100110000001011110000101
101110111111110011000110101100
000111101001010111111010110011
100010111000100111000001001110
010001100001110110000000001110
110110000010011010101000101100
100000111100010100100010100110
010000010101000110001010100111
110010000011100011010101100101
110110111111001000011111110100
