101101010101110001110101111101
000011100011100010000110000110
111110111001010110100110110100
001110111001100011111001111001
111110010111011111001011111101
000101010000010000110111101110
001111111101010111100100110101
011111010101010001100111101110
111100111111110111010000111010
101000100111001000111100100011
101101101100010001100011011011
111010111100010001001111111101
100000011101101100111000110110
001011100110101101001000001000
100110101100101101110110010111
010110000010111001001000010010
001011010101101110000100101000
011101100010000110001001010111
010110010101000000000010100001
011001000011010111111001000100
110010100101001110110010111000
010111111011011100101011000100
001100111100011111100110111100
110011110100001001000010011111
101111101000001001110100011110
110110001000101111000010110100
110110101010010001011011111101
011111100101110100101000010110
000100000100001011011110101010
101010101010010110001000100111
