001010011001111110011101110111
010100010110100001001011111011
010000001111011100010000110100
001001011010111000100110100000
000110110000111010011001010101
101011001100010110011000100101
011101001001000001111001100010
110010101111011011001100001000
010011101101001010000101001000
100110001110011111000010101110
011000001111100110111011000100
010011110000100111101000110000
101010110100010001101111001110
010001101000010011001110111000
000101111111011001000111110111
001110001101010011001110111000
100011111101001111101110011000
111001010111010110111101110010
111111010110001000001000001010
111001011111010110111011000000
100000100011110001111010011101
011011101000110101001110000000
011101010111100100111011001110
001000100011010101001111010100
110110000000110011011000111010
111000111101101011000111001101
000111110001010001110001110000
010111001101001100010010111110
100001001110101001011000010011
101001111010110101111110011010
