111110010100111110000000011111
000001110011111100101110111011
111001001110001000000010000101
000001101110001001101101001001
010000111100101101101011101010
110100111100001010000101001100
000111000101101100001000011010
001000100101111111010101001101
000010101011111101100111100101
011111010111110110101001011100
111001110000110111111001000011
110010000011011110010101011011
011110101111100100011111000011
100111110010011111010001100111
101101110110001100010010010101
011011101011100100010000010000
000111001111000101000010010001
011110100011100101111010111111
010110011010101110101010101010
101010111011000000010001101100
101101111010111111011111001011
000001110001110111110011110000
111010111111110011111011100110
011110101010110010001110110110
110000001111011100110110100001
001111100010111001010110101100
010000111010001001101110101111
101101100101001011011010000100
100000100100010011110101100001
001101010100110010011010100101
