011110100111100001100100101001
000010000001110010001000100101
110101110111000100110011111010
010001101001101110101111100101
100000110110001000111111010011
100011010111011010000101111010
111110000010001011111001010101
001111100011001001100111110101
001111000111001001010100001101
110110100000111101001000000101
100110100000101010110111100111
001110010011100110110010001100
000000010111000110110101111011
110101011101001101010011101101
100101110011100111010011001101
011000101101101100001110110011
111111100001110101101110011011
110010001000010011000100011000
101011100011110000000111000101
110111010101100110001101001011
000000100010110001110010111110
011000100100001011011101111101
011000101100110001001101111111
001111001011011011110011010110
100010100001001000010111001011
111101111000101000011001010111
000011000010000101010101001101
000000000111100011110101011110
111110000010110001100111111000
111110100010110010001001010000
