111100010111011000001011001110
000011000110101111001100111101
001101011111000111000000011001
110000011011100000001000001001
010001010110001011011010011110
110100101100001110110101110100
011101101101110011110010010000
100100101010010000001110000101
000010111010101001011101011100
100110110100101111011110001111
000010000110101011011100101111
011111011011001000110010111000
110101101110101101010100000010
011000001111110011101010100111
011000111101100100110001111110
101111111000001001001000111111
111101011000101001100010001110
001011011101111000000001111101
010010001000001101010110101110
010011011000100000100111011011
111011001010001000010110100101
011101010011100101110001111111
110111011110111011000110101011
110000101010110101100010101001
000100100001000010100000001110
110101101000111010101111110000
100110111111110000100000001001
000111010111000100110100111101
010011011001100011011110101101
100111111101111110111100101100
