100001010001000110011110101010
100110010000000010111110000100
100100110001111101001111111011
101011001111110110000110111100
101011101000100001110000000011
001010010111001100100111100010
010010111011011100010100000011
111001110010111010100100010110
011100111111010000100101110010
100000000100001100010100110101
101011100100011110000111100110
100101101000011010100001111110
110101111111001001111110101111
100101101111110111001111000011
000001000111100000001100101100
001100010101101011011000000110
011111100001000100101111010001
011110100101111101101100111111
001000001111011111111111010110
010110001001011000110000111111
001000111111110010011110101110
101000111111010111111010011011
101001111011001010110101000010
111110101011100110101010001010
011011110001110111010101001011
111101011111011010000111011000
010010000001100001100001010011
100011001001100100111010011010
011111011101000111011111000010
111011101100100101001110110011
