111101100101010110100001001010
111100000110000100000011000011
101100110001001101001010011100
100111110110001110001010010100
000100101001100111100000101110
111001001010101001010110010100
001000010001010001110110001001
100001011111001011010100011110
000110101000111011010111010110
100011110111001111000100101100
111011010100100011000111101010
011111100001000110010110001010
000111110011010111010011110001
101001010000101010100100001100
010001100011011110000111101011
110000001011111101000111010111
000111110100010001010010111010
010111011110001100010010110000
101101001011001011010001101101
111010011011001100010010001111
011111110011000111001000111111
000010101110001010101101100011
001000110110000100110110011111
010010010011000101111000101001
100010101111110100110111011010
010111000010110111101101001010
110111000000110010001001001000
100011100100000011001100110000
001110110001101001001111010001
101100001111011011011101101100
