010011010100011111011111001101
100010001010010001000001101110
100010110011001110011000101011
010111001101010111100000111001
001000010010101001010110101011
010100010101100011101110011111
000000111101101001110111110000
010010100110110001110011011100
101110010001000011011001100110
011111101100010110000001010110
101000011011000010111100111110
000010100111011110000010110010
110001101001010011101101011010
110111100110011101011010110110
101001011111100001111000010011
101100010010011010001000001011
110110100110010111010111011110
110011001111110110111101010001
100001101010011000010100001101
001101110010001100011110101100
001001100101000100001000110001
110011001011111001001000100101
100111011011101010110000111111
011011000110101111010100010110
000010101100000010000011011100
110000100011110100101101010101
100000011101001011101111001011
010110101111000110111110110101
101001100100011000110010000100
101000000100010111001011000010
