000100101010110011000001100101
111100011100000000100010100000
001101001000011001010110011110
110100010010011011110100111001
010100000000100101110011001111
100101001111000100101001111001
010011010000011111011011001000
010110001000001100110010101101
000011001110100010010000101111
101111001110000110000110111101
001001000011101110011100010101
110110001101111011010100000111
000110001100111110001010101101
101011101100101011001101100000
111110011100000111010111100100
010111111111011110010001001101
101010011011101011001101000010
101110100100110011101101011011
101100001110000100010010111010
010101011110000010100011010000
110010011100001100100011010111
011101111101101001111011001101
101100010101110101000100110111
110000101111000100001010101110
010000111101100101111111101010
101101000010000011011011001101
100001010111101000011100011110
010100001001001111110101011100
011011100110101011000001110100
110111110100111001011101111110
