000011000000101001100100110101
110111110011111110111010110111
001010010100011000111010011111
101110001010001011111111001100
111111001110011011110110001011
111001110101111101000100000111
111001011001101000101011100110
001101001101101110110111110101
000001110000111010111001010111
010001111100010100000001111100
010100000110101101010011010101
101000000000011010011101011000
011001100110000001100001001111
011010101010011101110000100100
110010001011010111110111011111
000110101110001100110010100100
110101100101111101101110001101
110110100100011000111111111100
010010101011101000001111101101
100101001110011011100011101110
111110000010111101100101011111
101110110000101110001100101101
110101111001010011100110011110
101001010000101010011101110001
000011010110110111110110010101
001110101111110100011110010100
101111011110110110011100010001
100110001010101001000001001010
110110101100000011100110110101
001100010101100100110011010101
