000000001100111110000101110110
000001000000000001100101110010
101000011011010101110100111110
000011101000100100100001101011
010010100110000000001000111001
110100000000101110011011110010
101101101100011110000100001111
011011111010000010001010100111
001111010000101111010111010001
111110101010010000000011110011
011101100110011100100001100101
001000110010000111110001010110
111111101111011010011000001011
000001100101001001010000101000
110010001110111000010010010000
111000110000100011000000011100
111000100101111010000010000001
110101000010100010010000011011
101100111101110000110011001000
100001110000010111100001111110
010101010101001001100011111001
100111001111110000111000001100
011101001000101100111001000000
010100010000101111000000100000
111010010110011110011001001000
100011110110110111100111000111
100110101001010101011000100000
000000101000100011101100100101
011110101010010001100100111000
011011001100101000001011101111
