101001111111110110100000110100
001101110000101000000101101110
011101000011101000000010000001
011000000100011100101111101000
001000001010010101110110101001
111100001110100110001011011101
010101101110010101101101010111
111001000100111001000111110011
000111111101111001010000110110
100000110100101100001100000000
101000100001010110111111111000
000100010110110110101001000111
101001110101110100100000010110
010010001011001100111101010000
011011000001111000100010110111
011010011101011001010000101100
100110100010100010110111010010
011100011001000011101000000101
110000100011110101111010101100
010100001111110010111100100100
100101001101000011011011011000
000000110001011111001001011111
010000101010111000000011010001
100111111111000001010010010111
010010111001101100100011101011
010011110001110000010101001111
001110000100011001100100010010
001011011010111111000111111101
111001001010110001011101110101
111101111000111110010011100101
