101100101100011010101001110101
001011101000011101000011010000
000111011000110100011001001100
101001110001011010011011001100
101000000111000101010010100110
001110001111010000110100011100
001111111101101011101001110011
011010101000000001001011111001
011010110111010110111010011111
011001011111001110000011110110
001011110100010110001010100011
000001000011111001111011110001
100100011011110001101010010110
011000001110110101100111001011
111011011000101111111010111010
111001110110011011001101000110
010110111101100111100011000001
101000100101000111111000111000
010110101000010111110101101111
110101000010001001111001101000
010100001000110001001100100001
101010100010011001111110101010
000010111011010100011110010100
110111011101010010100100100011
001111010110110110100010001001
101010011100100001000010001011
011011011001100011010011111100
101110000001111001100000001010
101100101110000110101111000110
000111110010000001111011101011
