010010110001011101111111000001
111110011110101101111111011011
000001010110111010110100000000
110110011111111101100011010010
101001111010000010001011100011
001111000111001011100010000101
101011110010010100011110010011
000011101110011110111011001001
010011001001110101101000010100
100010001101101000001010011100
001111100001111101100111111101
010011000001011011000111001000
010100111111101110011101101000
101001100011010011000111111000
010111100100100111000011101000
001110110010011110011110111000
001001111110101100010110110010
000100111000111000011010011011
111111100101010100111010011011
110101001101110110001011001100
001100101101111100110011111101
001001010000111001101100010001
010000001101110010010100001011
101010111010100011110011011001
001111001000011110011101111010
101001110111111111010110111100
110000100111000100100110111010
110101101101010110011011100100
000000010110001101100101110111
110111000100010100110011100000
