010111011001001111010111100100
011000110111111011010001001000
110010110010011101101001001001
000111111011010011110000111111
000010100001111100011101000010
011010011001110010101011101101
011110010111101010100000000000
000101001101110101100010011110
111010010001100000100011011111
100011110101001101010000000000
000001000110011111010000010100
011001001011111100010000010011
101010000010000000010101001010
110110011111010110001100101110
101110001111101011101000110010
010100110010011011111101101010
001100001000010001101110001111
011111010010101101111101000001
100001001100111011110110101111
010110000110110110101011111000
111100000100001110110111110111
000101100011011100011111101011
111100001100011011111110011000
110100011101000110000101001110
110001110111101001011010011110
111000110110111001110010111010
100100110001101010110101001110
010010011111011101111100111101
110101111111011111110101100001
110010000011011010101010111101
