100010000011101011000110000101
010101011000010001100000101000
001001000010010000010011101110
000001101010001010110010011001
011111101001111000111001101001
110010000001101111111010100011
000000011000011101011011000001
111010111100011001000000100001
010111110111101001001111111110
111110101110100110000011010011
100111001010111110111110011110
011111100111100111110010101000
000111001100100100101110100011
100101101100111101011000010101
110100000110110010000011100111
111111101110100100100100111111
110010111010001100001011100110
110110101000000110100001010100
111110110010100110010001111001
111100001011001010101111000010
100111000001000110110100011110
010001111011110001101011111011
000000101100000110010011000011
100001111100100101100101100111
001010111100111011011011001011
011101011110110110010000010011
100010110001100011100100010011
000110010011010011100100010101
111101010010111101001101001101
100001111101101010101011101110
