110000100010101010010010101001
110101101001011000001110110100
111000101111011000000010010011
011100010000000101110101011111
111011001010111000100001100000
011010010100001100111000101111
100010011000101101100101111101
001001011100101010011111100101
111100001111100011010011110011
001000001110010101111110101000
111001110100001101111100010010
001111010010111110000011110010
011011001111110001000010101011
010010011010001100111000111011
100101101010100100010001111001
101101010101010010101011000011
101101010010000000111010001100
110100001110010001011110111110
110011111110100010000111110111
111001100100100101110010010111
001011011010001001110010100101
001010001111010101011100110111
000110000011100001010011101011
101010011101111100001100101010
001110101001000011101101011110
111100010011111110100101110101
110111101011100011111000001011
001000010011010101111001001010
010001011111001011100011111111
100111000011001010100100110011
