000010101010011001110110100010
010001110000110111101000001100
011001011001100000100011101000
001111000001010011010101111100
011000010110100010000010110110
101101010010001010000000001010
011011010010110000010010101000
011101100001100001100101011010
101110001001101011010101111000
101100111100110001101011011100
001000111010110100101100100100
101101010101010110001000000110
111001100000000001010111001010
110111111001011010101101100010
011011011010001010001100001010
111100110011010001010110100101
100000101000001001011000101011
000100000100001010100000111001
011101011111101000110110011000
100111011000000100011111110111
100000101001000000001101011010
101011111010100011110000110011
000011101100001001101011100011
000110111101010100001001101111
011100010010001001101011111001
011000000000000010101111101110
000000010010010111110110010010
111011101011110101011001100110
001111001010100011100001111001
010111011010000000010101001101
