001110001011010100010000000011
101100100100100100011000100001
110100110111100100001000100001
100011101010011100110010110000
001100000111010111000010000111
110001110010010000110111001010
101010010000110110100010100000
010111011010011000010010010101
100011000111011000101101010001
101011111100110001001001110101
111000010011010010010011111110
110111001110000100101000111001
101001111111001100100111011001
101110111111010011100100111011
111000010000110111111100000010
110111001100111001000101011000
111000100100110000101001101100
110100001010100000110010011100
000111111111101000011100000101
100100011100010010110110011001
100011011110010011010110100011
011110101111101110110101111101
010011110110011101011001011110
011111101101000110101101011100
001011100110000101101001110011
100101001010110111110101010100
010111011000011100000100101100
110101010001000011101111000101
101011110000011111110101111111
000110010110110010000111100101
