110111110110110100101101100011
000100100111100001101100110000
010111111001001011110001011101
111001111001011110101000011010
010011110101110000001010010100
011011111100100100001100010010
110001001110011100011000111101
110101011110101110001101111111
100110110110101000010111001110
100000110110011110110001110111
000111001010001010011011110110
100100010010100011000010010101
011110010001101111100010100001
000110011010000011010111101011
110110110100010111001001111101
100110111101101000001110111101
110011100101000100100010010010
101000101110111001111001110001
101110011010000101010111010011
010011010011101111011000011110
010111101011101010000100010011
010100100100001010100000111011
001110000011111110101101100001
000110111010001010010011101000
010011110101010000100001110000
000100011110011001010100100000
110000001001010110110010101001
010000010100111110001001101101
101100000111100101011110011001
110010001100010001110011100110
