000001010001100011111000100101
101111110111010010100001100010
001110001111001011110111111011
001100101100000111001101100000
100010000010110111010101011100
111000011010111011100111101110
110011111000111100111000100110
011010001001011001110100001011
010100110000100100100011101010
000011000111111000010100101100
001111000001001001010100000010
001100011110001110001000010011
001101011011101011011000110000
000110001111011001000011111110
010011101110000110111010001100
010011111111101101100100110001
000111111110010010110110010001
110011100111010000100100100001
110100000101011010110011111010
101111100110010000100100100001
000011100011111100010100011110
000111010011001110110011011101
001100001010010111100110000101
100011101111000101000010001011
110010000101001110110011111001
011000001110001111100011101001
101110111000000000101101110110
110101010100010000100100101000
000111001101101101100000100110
111011001111001111000000111000
