011110110000100000000000001000
000011001100100011001001110100
001110010101001011001010011110
100000101101110111010111100100
011000001100001110001000101001
110010011110001110000100101011
010111110101010110100001000010
111001110100001010000001100000
101010001000011011101011101010
100001000011101100101100001001
111101101111111000011110110110
101000101100110110001001101001
011110110001000000111111100110
100000011011001100010101101000
010001101111001111100010111011
100000110000111010001100100101
100110000010010001011011010010
110111100001001110101111111011
110101100100110100111111100011
110101110101110010101010101011
111001011000110110011100011010
011110100111000001011010000101
100001011010000111110011110111
111100011010011111111000010111
111000000111010100110111011011
001001001011001000100010110000
100011111101100000011111100110
011000100011101000011001101011
001101011010011011100001100010
110110010100111001101001000010
