110100010010010010001010010010
000110010011011101110000000010
000010000011001111101010101100
011011101001001011100011101001
001010011100110001011001101101
111000111110101101100000010011
101011001001111011110011000100
000111010000111111111111000111
010011111010010001110110010000
100100100110101111010010111010
000010011101101001010110110101
110111110111111010001111100010
000001001000010000001101110110
100000000111110011100011001100
000011010010011001111010110010
110100111110010101100110110011
000111111001111101111001010101
100011000101101110001011101010
001111001010000000110100011000
111111101111110110001111100011
111010110101101010110000010111
100010000110010000000110000111
101110101000011111110101110000
111001000011101001010011100011
101100000001111010010001101111
000000100011000110010000000111
011000100100100110001001101101
101110010110100101111111111001
011101110010010010110000010110
101101000110010001100110101000
