101110100110000100101110110110
001100011010110001000000000111
000010100011111010011001110111
011000100100000111011111100011
011100010001001010001100111011
011011101110001001011010100100
100010010111100101010100101100
011100010010000101000011111011
110110011101001000111101001010
001000001010101000011100011000
010000011101010000110000110110
000000110000100011100111101001
111101010010110011100000011011
000101010000011001010000010111
001100100001101111101111010011
110000010000100001001010111111
100011110000101011011101100011
100110011001001001001101011111
001110010000001000111010011000
011000111000101101010010100000
001011100110001101011101001111
110110101101011010101110101111
011001000001100101010110001010
000011101111000100011111011111
111001100010001011111011010000
011100101111100111010010101011
011111101100100101001101101111
110011010000010111110100000100
010001101100111011111010000011
101110110101101011011110011101
