100101000101101001011000101100
111101000010101001010011101001
101101000011011000001011100011
000010001010101011000100010011
101011010011000110101110110010
011011111110010100110100011011
011110100100010101101010110101
101100110101000000100110000001
010010000100010100101011100100
010011100001000000010101000011
000101000011000011110001011110
001101100011100011101101101010
000001101101110011010110011011
011110001111000010000011101010
101101011100001101101100110000
010100100001110110000001001111
111010000011010111001111111111
010000011011000100110011100010
100111100111111110011110010100
000111011101110010111101011100
111100111110111010010001101011
011101001100101001101010111101
101011110110000010011010100110
110101101010101010001111000100
001010111000111010010011100101
100011000100110011001010110110
101111101010010010101000001110
111110001111001011001011001000
010101100001111110111001011001
011010100101001100101101001110
