100011110010101110111010011111
100101011110010000110101011110
110100110111111010011011000101
001001001101011101000011001001
001110111001000111000001010110
010010011000001110011011001011
001000101101011010111111000000
010001110100010011011010010111
101010010001001000011000001000
111100000011111101001101011101
111100001000011000000101011000
011001111010010010101010101111
010101111011100011010111111110
110100111000011101110000110111
100100111111111111001100010001
000010010001110101000111001001
011111000010100111101111100000
001011111111010111000011000010
111110001110110101001111010111
000011011100101111001110101110
110100011010101000110110001111
001100111110000110111110010001
100010110101111001010101011110
111010101010011001111100001101
100101000100111011111100110001
001011010011110111000110100111
111001011111110001110111000001
101111101110100010000001110101
101111101100001100111000011001
010000001010011011110010001010
