011100010000110110111110111010
000011010111010101000110100100
100001100111111010101101101011
110110000010100010100100101111
111111001011101100111110111111
001000101000100111000011100111
000110011101110000000001001000
111101000001010111011000111111
101111110001100110100000111000
110101111110010111111001100000
101110000010111001000100010010
101111100101010010110101111110
100110001111100100011010011011
110000100100101000111110111110
100110001110101111110010010110
111011110101011011010011110100
011101000010000001010011001111
101010010010000001100101111101
111001100111100010110111011111
010101101010010101110000101100
111011101001100000010100010101
001100001001001010000010011001
010000011111011000011001111010
000101001111100100011100010011
100000111000110111100001101011
001101000010001110010101000101
010000110101110101100010101101
010010010101001001101110001101
100101100100011100011101001001
000011001000011011111011101000
