100010100101001110001100101100
110111110010100000100100111110
111101111100111110111001010111
101111101101100011101110101110
111001110000010011101000100000
111001100010100011100111000011
000001101010101110110101101110
001111100000001001011000001000
010000100001010000001101001101
010010000110101110101110011110
011100111010011111010100011110
100011010110001101111011000010
001101111000111000000111010110
111100000111011001000010001010
010001001010110111000011111010
000011110111110000010001000010
000001000010001011100101111010
100110100011011111101111101110
010111011011110010000100111011
011001010110101101111111101010
000001011010101101101101000001
001110101110011101000110100110
011010111010100011010001100011
101010000001010001001110001011
101100011001110110000100101001
101000110110101100100011100101
001011100011100111001100010101
000010010111001110101010010000
110000111111101101111110011101
110010000100100110111000101011
