001001011010100100110011101100
101011010010000011110111111101
010100111000110001110011110001
011110001010000110101010111000
111111101100101000001110010011
110111101011010010110111111100
010101111110000011100001100001
100011100001010111101001000001
000110000010010111100110101100
011001000000011000011100110001
100001000101000110111011001001
101101110011111011000001010100
011000101100001000001011110100
011011100101100100111100110100
011101101100001111001001010001
101111110011101101010110110000
111010111010101100111001010001
101101101000011101110111101011
011100111001101010011001000001
001011000001111111000110010011
111101111110111011110100001110
101010100100001000000010100000
101110000010010010101001100001
010000101111010110111011111111
101101111101101110111000100100
101101011110111100111111011011
001110011001101110110111100010
110010010101011100100001111111
011101000111000000110100011101
101111001100110011011101110011
