110110100111011001110000110011
100100010010010011011111000111
111101000101010001011110011010
110011100111001010100001100101
000000101101100101000011001010
101011000011001111000000110101
010110100010001111110110111101
100111011000110000001011010001
000111001110110100000100110000
111101000010011101010110010100
111010000100101111000101100111
000000000011001000000001010101
001001001001001010000000011110
110100101110001101010110110111
000001000010101000111100011110
001111010011000011101100100110
110110110111100101000100000010
010001001100111010001111101110
000110000010100001100110011000
011110111010000010100110000110
100101101001110101000011101110
011100100111101110000110011010
101100011011111001010111010000
110111110101111010000110111100
101111110000110001001110110001
001010011010111101111110101001
110110110011111011010100111010
111010110000001000100101101111
011011011110101001110010011100
111110100111011010101000010010
