000011111101101101101010110111
101110101011101110101011000110
011000100010010011000010111011
010100110110111000111010111011
011000011011110101100110000010
011010100101010111010011011100
111100111010000010000001111011
010111100011111110100101101000
000111011110010001101001111010
001000000111000101100111100011
110000000010100111110000001000
011110001000100111010111110111
100111011111100101110100110110
001101011000100111001010000101
110001011001100111011110001001
101101010111011011100001101000
111110101000101001111110001111
101100101111010001111101111101
000010001100011011110001100011
111011111101101100110010110001
100100011111100011101001101101
110100000110001000111000011101
100111010010011010111111011011
101110110111011111011001001111
110001100100000110010001111010
001000011100001111010101110001
011111111110001111101100101101
101100011110010101110011110101
100100001000110010010111111000
110101100110111110011010001010
