111100010101100100111000010011
111111011101010100010001010000
101000111010010001011000000001
011101110011101110011000100000
100101100111110101001100011011
011111011001000000000101011001
010101000000010000110111000000
011011000110000001000101001011
001011000111101101100101011111
000010100100111111100100111101
101100110001000111110101010001
001110000100011011111100110111
000101010011101110001110101011
001001111011101111011000001101
110011010010010011001110010110
011000001011001111011111010000
011110100110010100100101110011
110111110100000011110010010010
001110111100001100010001100011
010000110111001100101111000111
100101010000011110111011010010
110100101000101101110101101110
111001100000101110010101100111
001010100000100110010001001000
000101011011101001110011001000
010000111101101111000010011000
111010011011101011010101110100
010111011100100110101001111111
100010000101000001111010011100
100100111101100100011111100100
