101010000010000111100110111001
001001011111111000000011000011
110110001001101000100101000111
100000001111000100011011000001
100001011000101010011111111001
110001100111100011110111000101
011100000001000001111111001100
101100000010110000010111101100
110011110101011100100111001100
101011000000110100100110000011
110101010010110111110101001110
000000111000110111000000001111
111101100100110000001011001101
000011111101100010001101111010
010110111001111001001011110110
010101110101101111000010001110
011011100010100001000001001011
110001000110111111011001111000
110110110111101010100010001110
101000011000100111101001100000
100000111101011100001101111101
101110011110100000000001110001
001000001010001011010001111001
010110000000110000011000001001
011100111100001111100001111110
011001000011000010000011111111
101001110011111000011001111101
010110001010100000111000100101
001101110110111010000011101111
000011101101000110011101111000
