011110010100011111001000001110
010110100100100111101000000110
000011000110000101101001000110
100000011000100010110011110101
001100000110000111110101101001
011110101111010001101001000110
101111000111111100000110011100
111101001100101001101000101100
111111111100000001111100110110
100110100101001110110001100100
000010101110110110010010101001
100111101110110000010011101111
101101110001000001111110101000
100100100011001001110000011010
010001010110000011101001100111
101000110010000010111100101000
110111000000011110001001110111
001110001111101010010111011010
010111111110111010101100010000
011011010110010100000011100010
100010100110110001111001101100
111110101101001010100000100000
100111101100111111011111011100
110011001011101110011011110100
111111110000001111110101111100
001100111000101001010111001011
101011001010101100111010010000
010111011110110010000111111011
101111011101111001001011100101
010010111000110111111010010001
