010110011010010011110110010011
000010011001110000110011001010
100001101100000100101011110100
010111110001010100101001111111
101010100011011111010111111011
101010101011111001110111110101
010001100111100011001111100111
001101110101101011000101000111
100011010100100011110000011100
110100111011100111100010101111
000110001011110010100101100100
101001010010111111010110101100
111011011111010010010101100100
001001111011000000100111110000
010010011111111010001100111000
010000111100001111000110010011
011111101110110111011011100111
010101111110000010111101101001
011110101010000111100100100101
111000110111010110000011101100
011100000011111011110110100011
010111010011100111000100110110
110010111101000101010110110110
000111010111111001101011010011
001001101100100100010110000110
010000100100110001001111001001
010111101010110000000111011010
111110001010001011001010000010
000111101000101010111100001001
000101101111010100101110011011
