100011111001101100111101001001
011110001111100110000011000000
001011011111001001011111011111
010000100110100110100011111001
100110001101101111000110101100
001001111101110111110010001110
110100100011101000111101100011
100100010100111011101000001000
011101011000111000010000101111
111111110001110111110111011100
000101010101000110111001100110
011001001100101110010011010011
010001101110101111100110100001
101101111011110010101001110110
100111101100111111010101000001
110100111100101100101011100010
100101100011110101110000000001
111101000010101010101000000000
100111011000100011010011111001
111010010100010001100110010001
001001000001100000100011010000
010101011100101100010000111000
000010000110111000011010101100
001001101001110010110010010111
110101011110001001101010001010
000010101101101000011110001111
010110000100010000110011110101
010100010111111110001111000011
011100010001100000000001011011
001110110000001100001000011001
