111111010010000001101001100010
000101101010100001110100110111
010100101101100001101110011011
111010001011101101110101110101
110000111001010101001011111100
110101001001100111110000101011
101101010011110011001110110100
000101000000100101111101011001
100100010111111010111011100110
111011110101111100001100111111
110111111110110011100111110110
100101001100001011100111010111
110111011010101011001101100001
010100000000001110100000010100
010110001111101110111101011011
110101100101100100100100001011
011100011110111010001010010101
100001101000101101101001011111
000010111110011111111010111100
100011000000101111000111000101
000111011110100110101011100110
000100111100001111110110101010
011000010000011011011001100110
011010001000011100011011010011
101000010001010001101100010011
101000110000000101011100000000
101110001011011111111010100100
110010001000100110110000000111
010010011001010111010101010001
101010001110010001100010001101
