111001101011010101110011011111
011110010110011111101110111111
001001111000010110010011101111
011001110110011110010001000101
100010100001001101010001000101
100100011101000010110010101101
111101001010101010111101001000
000001110000111100111111001011
011110011000100011001111100010
110000101110010111011110101010
011111010111110001011100000001
110011110010110010101100111011
101101001110010110001110011010
111100001001000101001110101101
001110001000011110011100111101
001100000100011001001010101101
101010000111000011100101101001
101111110110000111111011000110
110100100010011001011000100011
110001110010011011110110001011
111001111010010101001101101001
110001001001000101111010000110
110101010111101111111000011011
010100100001010011100011100110
110100000001110011011100100010
000101111000011111001100100110
101111111000011010010000011111
110001001010011001001111010001
000000001111100011100001110010
100110010110010011011000100001
