000100111001101011010001010010
110001111110101110111001100100
110000101100001001111001110110
011110010000000111001001100101
001101001010011001010001000010
110110100110001001100100100100
110100111010010111011000001110
101111011111001001010000101010
100101101110100111010101001100
011111001010111000011011010111
110010111001111111101111000100
100111100110101110101000101011
100011001001101000011110110010
011111010110101011101000100101
101111110101101111001001111011
110001101110000011010010010100
100001110111010100010101011110
001001100011000010010010011010
001010011111110001100001010101
010001000111000100000011110100
100010010110110010101100001011
110101001001111100101110000001
101100010111101111010100001010
111010110110010100100011110111
000000011001100101000010111111
101100011110000101000101100111
111000000010111110111100101010
101101111011111100000101100010
100100100110111001101111110011
110010111110000110110000111001
