111000010100101110010101001010
010011001000010011011010110011
001101101110011000110000100100
011100110100000001000000111110
010100100111110010001000000001
100110000011111101001101110100
000001110100111100101010110101
111010011001000010010100110100
110011011000101001110010110100
000010001111101000011010110001
001111111100100010001010001100
000110110001001101001101111011
000000111101110011101010100111
000100111000110000010111110111
100001101010111001101101100100
110100000111000110111101010010
010111110111111111101011110101
100010001000011100110011101011
011100101000011101110000101000
111100011001111111110100010111
010010100110101011111111111110
000001111101110011101001111000
010101110001010011001100110000
100111011010101110111110010110
000100101001111111010001101111
010000010011111111000001101111
100000011111101111011101110100
100110010010110101110111000010
010100011011111010101011010110
100101111100001101110010101000
