111001110011010010100100100101
000111010100000001100010101001
100111110110100100101101010000
111110111111101101010110101101
101001000101011001100100100101
010101000011110101101011010111
001010101111111111101110100111
110110110011010001100011101000
100010011001111110100001001111
101010000111010101101100101110
010010100100001101000001010011
111110010001001011110111001100
010101011010111011001101101110
000001101000100011001010110001
001001010110011011101100000101
010100101110101010010101111010
100100100000110000100110111100
110111101100001001001010010100
110001110001110001011010011110
100101100011010111111110100100
100010100000011100111010001000
101101111111010100100000011011
100100101000010011101100111101
001111010000011000001110010101
110111110100000111100010100101
110011100101000000101011001100
000000011000011000010101111000
000110101101101100101111100111
100001111010001111000101110110
110001001110001000000100110011
