100010110000000101101100010000
101001000011100001100010101001
110001101000101101011010111001
010010101100000001111100000100
101111110111001100101001110010
000001110100011101100010100101
110111011001101001110110110101
000000000010000100010010111101
110110110011101011001010000111
111000010110010011110001111101
100011101101001110000111001011
010011100110100101010111000011
000000110000001110100110001010
001010111001100110110101011000
111000101010001111100100000011
001100010000111110110110100011
101111110111011101011101010001
111010111011101111001011111101
111110000010111010101000011000
011111110110011010101011110011
011110101011110010010100001010
001111001111010100011111111111
100101001011011011100111011000
011110000001110000001110000000
011001000101000100010001111111
001111100100111001111000110011
010011011000100111011110101010
110110100000000001010010111000
011000110101100001110011010111
011101000101100100100110001110
