111010001101110111011000101111
001001110010111001011110010010
110110100001111010000110111110
100010011000010000110110110001
111010100100100001011110010011
110110110000001100000110101111
001101111111100000101001011011
100101001110001111000010010100
100100110100011011111101111011
111100001001011010100000011101
111010101001011000111011101111
101110010110110010000100111011
101100111010000000000100101001
000010011000011101011000100011
110111011010111100001111110001
101001010110100101101011110000
100110110001011001100000110100
101001000111010001010101111110
001000111101000100110101111110
111011110100101010000000111011
111011010101001100101001001100
000100000100000100110100100000
111100000010000011110001000000
001001100000000011101010010100
101100111001100011100000110100
110000010111110000101101011100
010110001100110101000010001011
111001001010111010110110101100
010111000010000110101100000100
101101010010100111101001011000
