010011011101001111101011111001
100001001111000011111100010001
100010000000101101011101101100
110000110100011111110111010010
001001000110011111101100100000
001011010000000101010100010011
010001010111010111011000010110
001001111100111010000011100000
111001111010100101011110110100
010010011010111001110101101011
111110101110000001100101000100
100000010100111111100000001111
111011110111100000110111111100
011110001011010110010100010110
011110001110100100000100000101
001111111111011110111011001011
001001001111111111101001111100
011111001011111110110010011011
001000100010100000010101110100
011011100011001001101000011000
100111000101110111100011001011
011111111100010001100010010101
001001101100011111110110001001
000010000011100011101000000011
111011100001101000000011001110
111010110001101101111100101101
010110100011000110010000100010
000100100101101010101011100000
110000010110110100110001111011
110000111000100000001110111001
