000011110010100100000111110001
011010101001111010100011001100
001000101000011110001001100010
110110110100000000101011010010
011010000101111001000101011001
001100001010101001001100001101
010111001111011100111001000110
101101111111011010011000111011
010000110000000000010111100011
000001101001100011000111110100
100001001101010101000111011011
011110111001011110011011011001
000110010010111011100001100100
001000001011000011100001110111
111010010100010101001010110110
011100100101110110100100101111
010110000100100011011101010110
111101001011010011010010101100
001101011001100010100101011111
101111101100010111000100100111
110100100001100101110100011010
001100110011000111010011111001
101011000010111011010100000110
000100110001001000000100111110
000111011101010100110000011110
100001100101010111010000110110
110100001001011001000111100111
000011101001111100101111101100
010011010011011011100101110010
011000110011010000010110011101
