111100001101110000011000000000
100100110100110000001101000010
101000101100100000010010010000
011010000001111110011110110100
100001001111110100100000111000
100101000100001101111011000010
111101101110001111101011101001
100111111110000100111111101100
010111100100001111111101000101
111101111011111001100110111000
100111100011100001110011100110
100111110011100101101011011110
110101101111000010100101010111
111110111110100001101000110101
111011000010111101101001101110
011110101111110001110011101011
110011100100110111011001010101
111111100001111001101011000110
111011011010010011100100111111
000110010001000010000010000011
101001001010100101110001010000
001100101101110010010011010000
111100010111000011101001000111
111100001011011000101101101111
110110101010010000110000111010
010101010001111011100010101001
111111100101000011101001110011
001101010111010110011011001111
101001001001100000110000111011
111010100101110100001001010110
