001011000110011011101010011000
111101011111010100110111111010
110100110100111001000111100011
000010010011101011000001000001
110110100110010101110101000001
110011010011100110111111111000
001101110100110110101100110010
001101111111111111101110110010
000001101110010110010010010110
111011011110101011101111111000
011111010000100001110001010100
101100010100111000000100110101
001010010111010101000000000000
000111111111011011110011101100
001111100110000000111110000011
000110111001111101110111100001
001011101111100010000111001111
111111001001000010111101100001
001111100010010011101010110101
010111011010110000110011111010
100111111001100110011010001101
010011000000100011000101001011
001111000111100101110100010111
010111010011010010111110100011
001001100010100001000000111011
001010011110010001011011011001
111011110001111001001100111001
010110010111111000110101111001
010100011001110101011101111111
010111110010110001111110110001
