000111110100101100010100001100
110001110101011111000101101111
100000111110100011111001100110
011000100111101110011101100101
001010100110111101000101000100
111110111111101110010101000111
011111010100100011110100111101
000001110010101011111100010011
010011111000001011001000100100
111000011111000111101101101001
001101010110010110110110011010
000111101101110011000010111000
011101111010111110001011000110
100010110111000001111110101011
110010011101001100100001110101
110010000110111000100111001001
010000100000001010110110111111
000100101101110101111000110010
011111010001100001001110100100
100011001010000101010000111011
000011011111010011011111011101
101110101110110000001000001011
100110010111010101010011010011
000100111001100010101010111000
010111110100010011110011011101
011000001010001010110000000011
010110101100111101011000110101
011001100000010110001011010010
111100101000001100000011111101
010010110110011100110111101101
