100100010010100001111110110000
001100100000100111111100101010
001000101000110110000111110110
111101001000000100000110001110
001111010100001100110001101111
110110000101011110010111000000
101011100110100001101100100111
110101110101111110010000010000
001111010010001011110100100000
110100100010011000000001010101
001000110001101010101010101011
110111100000101001011010111010
101010001100101011111111010000
010000101010001011011010100111
011111110101011101001101110101
101011001100101111101011010110
111100011100100010011000110000
010101011011001100011110110000
110011010001100101011100001100
111100010001001000001101101111
100111111100111011010010011101
100110110111111000010101101000
101100011010001110100010110100
101011010011101000011011011011
011101101101000001011011001000
111001000110011011011111001001
101111010010111110111010100100
011001000110001001100010111001
001110000001111001000011000110
100101000001001110110110011000
