100101000111101001000001110001
100110110110101010001001011101
001110001001110000011101001001
111010011111110101001011011011
100010100101000011001110100000
100110110010101000001010010000
101101001101010000011100000100
001111111101101110111000011000
100100001001000011100010011000
001011011011001001100111111011
111100001011000011111011110101
101111110101100010111011101110
000001111110011111110101100101
010110101111100101001111100100
110110001101000001011100011000
011010000101101111110011000001
100000010101000111011100001111
111101010100111001111000111011
010000011101000110011101011011
010110011111000110110100101010
110101001110101010000111011001
010001101100000110001110100111
001110001000000010010100001000
010010110100111011101110000110
010111111001011111010101010101
101110110001000101000001100100
000100010100111111101000010010
110110010000001011010110000111
010111111000101110111100111110
111011011101101001001100001110
