011100101001110100010100011101
110100011110100011111101100111
101111000010011100100100101010
111100101111111000011000001100
101110010010000101000101110100
101110011000110100000110010111
110100000111110011000011010000
110110001111110011001001001111
101110110101010100100100111010
000101010010101001011111001101
010111110100111100010011111110
110001111010111011100111111011
000010000010011010100100101001
110001100110010010001010101000
110000010100011000000111000100
110101011010011100011011100101
110110000110110100011110110111
101100011111110100000001101001
100000100101111110000101011010
101001011010110110100011000101
010011000000011101111000001110
111010101111110111010000011010
000111110001000110000110000011
001010100100101000010111010010
111100010100011001010010011111
100100001001111110011000010010
100000000010101010110101001101
001000011110010100100010111110
001100111101111010010111110101
000101101100001101101100110001
