110100000111011100010010010111
110111010110011011010100011111
000101101111100101001010001001
111010111000100111010000100010
010110011111110101100000101000
111010100010011101100111001101
111010000110000000110011011111
011111100001101101010100111100
110100010110100111000010101100
010001110000100110111110001110
101110101101000011111011010001
011110101001011110001111111100
110101011000100000011111001001
000101010001011000101100011000
011010000110110000000000011110
010001001000101000101010111100
010100101111100100110100000110
101001011001100011010110101100
110001100010000001101000010011
100001010101111101001110101100
101100110011011010010101111001
110011010000011100001011101101
010011110011101011101010101110
111011101001100101100010111111
101110000011010011110100111001
011000010001110110010100101101
011101110001110000101111000111
100111001110000001011110100101
101111110100010010100100100111
101110100110111110110100011101
