111111000100000000110111111111
110010011110010001001100010001
011111111010100010001000100111
110011110001011111111010011110
110110111000111000111010011100
000010100101001110011011011101
011010110110000100000100011000
110111011110101101111110011110
000111001011011111111101101111
100111101100111100110110101011
000010011000001000110010001011
000000010010001010110101111111
010101110111100100001100111001
010111001010000100001100110101
100100011100000001100100110111
110101110001110001010110111101
011111000101010111101101011010
100110001111000100010001110011
011110110110111011111100000011
000111000010000000100000001010
110000110100100010000100011101
100001111010101100111111110101
000100010101100011111101001111
100010000100000001101111110110
111101000010010100011010110111
100101101010110001000110010000
110010001100001111010111001111
111010101101100011010001101110
001000001010110001011011010001
000111110110001110110101110110
