100011101000000101001000100000
001011000011110100011011000111
010011010111111010010111111101
010101010000000101101000001011
110011001001010011011000001011
100001000111101000000101110010
111001011010110010011010001011
011111101010000011101010110001
100111000000101110111010000011
001110010000111001000001011001
000010001000110001001001001101
011011010000111010010100111011
001101111001110001011010110011
110110111000100101000000111010
010000101010101110001110101111
110100001111110110111001110010
011001011001010001110010010101
100111000100100100010101000011
110101011010010011001101100000
101000001111100010000101100000
100101001110111100100110011000
100011000001101000100011110110
010011001010011000110001010100
100001000001111100100110010100
101011000001011110110001110001
111010111011001011110010110101
100001001110111101100110100010
101100010100010110001011000111
100100000001110000110001001001
101010110001111111111110101100
