100001010110111110101011000010
000011110011100110010011110010
001001111101101111101010001101
000010111100000101111001101010
111100000101010100001111100100
011000011110001011101001000100
001110011001101011000111100110
000101011110110011011100100010
010011111100111011010101000111
000101001010010110001011010000
111010100001110001011001100100
010011101001000111101101001110
111011110101010111111110010111
101011000010110100111100101110
111111100101001010000011001000
100101011011100000110011000000
010010101110110101010010000111
010101111110111001000010011011
000001001010011101010110101110
000101110100110010001001001001
011110101100100110000011111001
010100111001001111110001110011
000110101010100010001101100101
100100000010010000111101000100
100000110011011010000000110000
111011010110100010001101001001
010000100110011000101101110110
111000100011001111000000111001
001111111110011011010111010100
101010010110110101010100110100
