100001111101100001001000100110
101011000010000010001101010110
010101010011011111110011010111
001000001111110110110001001110
001011010101000110001010111011
110100110111001010001001111001
001111011000100000101101111011
110010010100000110111000110100
001100111110110101010000010010
100001100001111100100000011101
010010101101010010100101101001
100101100011110110111101111011
100011010011100100000111111101
110101000011000110110001110011
011111010100111110000111110110
101010011100110110000101101000
111101010110010000001101101111
000011111001100000110111100100
111000001111001110100000100000
101111101011001100010100010010
001001100100101101100011111001
111110110101000000011011011001
001111010110011110110101001010
011001100111110110100011110001
100011011000001001110100111001
100000100101001110000001010111
101100011100111000100000011001
010110100011101010000011000010
010011111011100100110101001011
111101111100000111101111100110
