011101101101110111001101110011
001100101011011100111000111111
011100000010111101101000101100
101011110010110011110001111100
000111111011010000001010010110
000011100110101000010010000100
111010010101100111110000001001
010000011111110011111001010110
110111101001011100100001000100
000100010101010110110010000111
001011001011101110100000000001
111000011111000101010010011111
100110000110000100011001111011
001110000110010110011111100110
011011111110111011011010111111
100000011110110011010000110100
001101111111001000001100011011
010110111001110110011010001101
101010111011111101100000111001
110111011001000110100000011000
110110110111000000110001111110
011011110100000000000011011001
010010100110111011100001000000
110101011000001011111011010110
101001000100000000010110101010
101011010011110011111100100011
010010101001010000000000101101
100111010011011000101111000111
011000110000000100110100111111
101001001100001001010110100101
