001000110110100000001100101001
110011010111000000100011010011
100111110000101110101000010111
000000110000111001111000100010
000001010110111000000101000110
100001111010100010011101100100
101011001111111000101110110111
000111010101000100001111101110
000001010111001100010000110000
010010101111101001001101111101
010101011101100111100101000110
000010110001011111110101000100
111111000000001110011101011001
010001111011101000110011100111
101010000111000000010011100110
111111001011010000011000100011
011111001011100011110011001100
001101011111111001110101111000
110001110001000001001001100100
110011111011101101010000000100
100101001111100111011100010100
101000101010011000110111000101
010110010001001000010100000000
011000011010011111111100101110
110010000001001101101010110110
000110011010001001001001100101
101000110011110101110110111101
100110010110111100001000101010
010011101011110010111011011010
101110111100100000100001100001
