000111110111101111101110100110
110000111101101111010000111100
001111010100110011100111011011
110100101100001001010011000100
100101100101000100111011000011
111000000010000010101101100011
110101111010011110001011100111
111100010011101100010100110000
110110010101000001010101010000
111011001100100100101100111111
011111011010000001011110110111
100001110011010010100101001000
101001101111110111010011101111
111001010000011111011101101010
101010011100000001100111101001
101110101100111011010001011100
100001101100011011011100101101
111011100000100101100010111100
110011100000000101100100101010
101100010000000101011000010011
010000001010111001001110101011
100101100011110000110001001000
101110111010011110000010111101
101110101001001100100101101011
110111110010110110100111101011
110111010010011100100100010011
000011101000001000001010001100
111101110100010110001011101100
010101000110010000101100010101
001111000011110111001110100001
