101000001010100010001011010100
001001101000000110110001010111
111001001010000101101011001000
110100100101000011000010010100
101000111111110000000011110011
001101001011000000111100010001
011000011001111100110101101011
011101111101001011111101111110
111100111001100001011101001000
010110100110011011011010001000
111000001101100100110110110100
011000110010001111101001011010
101101110101100101011101111001
111101100011011001011001000100
011011011100111011111000010111
010011110111010011000110110010
010011100111100101000111101100
111000100011101110010010110100
010110111011111110010110100001
010100010110111101111011110000
001011110011001001010110101110
100110101101010010110101100001
001010000011011111000010011101
100011111111101101011100000110
101010110111001000010001000110
000011100011011100001000011000
010111111000000000111100100101
001000101110001101000110001111
011100000010001111011001001001
101111100110110101100111011011
