111110001011111001101110111010
011111110110001110010001101110
101001001011111110001011111010
000111111001101100111100111100
010001010101111100110001101000
011010010101111011001101001100
010011110100101101111001011011
010101111011000010000100110000
100100010000111101000100011100
111111101000100001110101101010
001011010110100100001010111111
110110010100001111010011100101
010101101111001010010101100101
111000110010011101110111110101
111011101001111101001001010011
001101010101000101110011000000
011110010110111101100001011001
111000010011011001000000011001
000101100000011011111010010010
011110010100110001011110001001
001100001011001010110001010010
001111011011101110011101110110
101101110100111011100101111110
001010000001101101001110010111
000000101011110011011101110001
001001110101010111010111100110
100011011011000101101111101111
111110010000100111001011001001
100110100110111111100011110100
100001101110111101011001100001
