000011101110000101011111010001
101000000111101011001100000110
001000100000010110110001000110
101110110111100000000000110000
100110001110110010010100100110
100001001110100110010100100101
011001011011111111010000011100
000101001001100000010001001001
111111100001001010110111001101
110111101010001110100011010000
011000100000011111100110010101
100011101111011010111101010110
010101111100010000100111010101
100110110001001101000001111110
111011100000011000011011101101
010110111011101001101100000011
011001000011001010111010100001
101101110001010001011101001110
110100100001100010111101110000
000110011100111111000111011110
000000001011010011010001011001
100001110101110100010001011001
110100001011001001101101011101
011000000011000011000011111100
110001110100110010001100111010
100111011111111100000101011000
011100100101101011111110001110
000110101101011001001010100011
001000101001110010110010001111
000011001111000101110001001011
