011011001100101111101100101110
010011110000001001101101010100
000000001000001111000110010101
110101010111001011110000011110
100111010001001101001101010110
010010001110100111101000001010
111100000010101110101101100010
000100111000111001100010010101
100100101101001001111100010001
000011000011100101001010010111
101001111100111001100110101110
110010110010111011100001000100
010101001100100011011000010010
000110100001101110111111010000
100001101100001110001110110111
101111000111001001111011100010
010010101011101011001000000101
100011100111010111010110110011
110101010001000110011110010001
000101010101111000111001100101
011101011100011010100111111101
100010001100011010000111101111
011100001010100111011101111100
110111011011110101110110011110
001001111001110001000001101010
001100101110100000000101101100
100100111111110110101010100011
110000111000100101101101001100
000001011100010010000110011000
111100011010001000101111011001
