010011001100100010101110101101
001011111011010001110010000110
000001011110011001100001001000
100000000010010010010101101000
111011110101011000110110011010
001101010101110010111000001101
000001101100110100011011011100
100011000110000100111100010001
011100111011111001000111010011
100000000101001110001100011011
000100101010010010101101011011
011100110100001011011110101000
000011000100110000111011111001
000010011000101111011010111110
110000111000110011001100111101
011111011100101000000100010001
101101011110010110010011111100
011100100101011110011101011100
111001000010001000111110100101
001001000000110000110111001110
001111010110010000001001010000
111010101110111001111110110110
111101000111001000010000000010
001010100011101110000001000111
011010000101110111101011101101
011110101000001001010000001110
000110011000101001010101010001
110100010000111000000000110010
000000000111001111000011111000
000011100100100000000001010010
