000001100001100110010010001000
100111100010011001111011001011
110101000000000011001100101011
110111010100110110110000011000
110110101100001100111000000001
001110010011000011001010000110
101110101001111011110001000111
001011111001000010000011111101
100110111110000111110001010110
000100000101000100100111100110
011000000111001001001110110110
010010001101101100011101111100
110101010010110011011000001101
001010111011001001110010000100
001100010111101110111110101101
100010001100101010100000111011
001010100010011101100100001011
110000000001111100111110100110
011011110110111000011111000100
000111010000110010001101100111
100111010101100110110110100011
001001110110011100000100011101
010001101111000111001101110111
100000101010001101100011001000
010100011111111110011010100010
111001110111111011111010001010
010100100100100111111110100010
000010110110111000100100111111
111001111101011101110100011111
100011111100001110110110110010
