011110110110011111010111100111
000111001011011101010010110110
010000000101010010001100111101
000111011010110100011001000111
001000101110001000100100011000
101001001110001011001111101001
000110001011011000010000110010
011000000100001011010000000001
010000010101110000110100011100
111010010110000001010111100010
111010111111011110001111011010
000010010011100000111101010010
100001100111011110010000111011
100111011111010000011000001000
101100100101110011110010111100
111100110100000001100100000100
111100001101010011000100001111
111010111001110110010110111011
000010100101000001010101001010
000100101110000100100000111101
011001101111101110101111010010
100110010011010101010110111010
110001001110001010111010100110
100000101001001110010100011000
110000110000111110101110000101
111000001011000100001110111100
100100000001101011001100011100
110101101001000011110010010111
101100000100101001011010001000
101010101011101111000111011000
