000000001010101010100010000100
010000110000011010000101100101
011110011111000011000010001100
111011000010011001111011010001
000110000101101001010101000101
010001011111111010110100101100
111110000011011110011100011011
100100010010010111001000111000
010101101111000010101000100010
001101100010110011000010001101
110001100011000101001001000011
110010111000110110011010111111
010101011100001000000101011010
111001101010110010001010011010
011011011001001000011010110111
011010010111001101001110100000
010101001110111110100011011000
101110000001100011110100001001
110010011000000011111111101010
010000001111100000100011101100
011000101101100000010100110010
000001000001100010101011010100
011011010010111100000011100001
001011011100001100000010001011
010010011011001010111010001001
111001100011100100000100001010
101111001001100011110101011010
010101001101101010111010100111
011011011110101010001100011100
010100010010000110010110100011
