100000101100010001110101111010
101000001111001011101011101011
101011110101010001000110010000
100010111001110001000100110110
000000010111000100000110100011
011101111001110101010000010010
111110101101110100101010101001
000011101110110000111000010010
110111011001110111101011011111
101001010010000101010011111111
111011111010010100111000000110
001111110001101110111111111001
010000011111010011010110000001
110011101100111101011100010111
100011100101010111010101101001
100110101111000110111011011110
000000101100111100100010100000
000000101111110011000011110100
000101101110011000011000111101
000010011111010000101001011110
000110010010001001000110111011
000100110010111010000010101001
111111011011011000010100101111
001100000010000000100000101000
111010001110111011101110001111
111000000110111101100001111001
111111100111100110010110000000
010100110010100110010010111100
011010110110001110101011101011
101010100110100001100101000000
