111110001111110100100101011110
111001100100011000101101000001
011110011010100001110001000001
110110000100111001111010000100
100011010101101111010010110010
001010011100110000011110010001
011011101011101100100000101101
000110010101100101111001001110
100010000110011111011011010011
111011110000001001000000110100
011101100111011001101110001000
001000000000101110000111001001
100110110011001000001100110100
000010001110011110000110100100
001100110001010111101110101010
000101011011111011110110101001
110101010010001110100101010001
010110110111000111111111011010
110001111010001110110100101101
001011000011101011010001100011
000111010010000100101100101101
011101101110000001111001001101
110001100010100000111010001000
110110000001101011010101101110
001010000010101100011011100001
101001001111111111100111010101
111110000110000000101001110010
110010101111100001001011100001
000100000011100100110001001101
001111000011110110011001001000
