000101010010011001111100010011
100110001100111011101100110001
101111000001111001011100110001
000110001011111010011000100010
000111110110011101000001001001
101000110101100000101001101111
001011101000110101000011101001
001111010001000111010000101100
010101101100110011110001111101
100100111001100110101111110111
111100101001011001000001000110
000001010000000101010110000001
010010111000100011011111100111
001110010100000111001000100111
000110000010111111010101101110
011110111000010000110001101010
001110101101100101011101010110
010101101111100100010011001101
011000100100010011001000111111
000101100110011001110110011101
011001110101111110000111110011
011001010011100111010111001011
011011000010111010100111000000
110100001011010000111111100101
010011111111011110011101110001
110101110010001111101110100001
001001001101011010100001110001
100101110101101010010110001000
011101001000000110101001111110
000101010111111010001100001011
