011011001001010111011100001000
100010001111010110010111000100
111101111101010110110111100010
110110111011000010010110111101
110000100100111010011100100011
011101110111100001111000101001
010101100110001101110001101001
110000011100100001011000100101
111110110111001111010101101000
111100001110100011011010111110
001100101110110110100110001010
001011011011010011011101001011
011010111000111101000111011000
011010101010010100010000010000
101010111011111000101000000111
010011000011110000111111100010
011001000000000000110011101000
111000010110111110110000000000
101101101000010000100011011010
010011011000111101111011110000
111100101100101101011011111001
010011101011010001111100100010
010011000101011010101010101111
100110100000000101000001011100
100001111110011010011010001001
101100010011000100110100000111
001101101100110110011100110101
100111010011010111111100000000
111010110000101011101110000010
111000001010111110000001111000
