001010011000000011111000101100
000100110101001010010111011111
010110000011001110000010000110
101110100010100000100110000100
111110001000010100010010111001
000110001001010110000000101000
000001011111010000111000001011
110110011000010100110100100110
101010010110101000010101110011
011000100000011100011111101100
001000000101100111101011111100
011000100110101000100011001111
011010011101011100110011101010
000101111000111000111010010110
111100000111011100001101010110
101101101000100011111010110010
010101101011011000100001101000
011001000110100101011110110100
011010100000110101000001011101
101000111101100101010000110001
000111010011101001001000101011
111011000011000100110111100010
011101111101100100110010111011
111001001110011001000010101101
111111001010111001110001011101
110111100110010011101110101101
111110010010111100100110100110
100001100000011010100111011000
000000000011001111100110100000
100111100110100111011010000111
