101101000111010011010110001101
010100111100001000010001101011
110011011000101001000001001000
101010000011010011001011000011
000110010110011100011010011110
111110111010010000000001010001
000000000111100100111101110100
010011111010111100101111011010
110010100001100100101100100010
001011100110100100101010000100
010001111001100010100000001000
100111001111111001011100100100
011001001001111110000101111110
010110110110010101111100011011
001110101001100101000000000010
111101100100111111101010111101
101100100001101001000110100111
101110100001101000000100100100
101100110010100010101101100010
000101110100011111111000101111
011001110011101010111001001000
000010001101110011011010010000
000011000010001111001101101100
010110001111011010110100110110
000110110011010111011010111110
100010110000100110101000110111
000001110000011110011011101010
100010101000100011010101000011
111011100001001101100010101110
101111001111111111010111011010
