101101000011101101010000100000
011010110101011010101010011101
110000111011110000110000100101
001001001000110111111001110100
010011001000000010110010100001
110000010011011110011011111100
101001110000011000010101011000
010011100100011101011110111111
001101011000101101001101011010
000000000110100010000000011001
111101010110111011000010110001
100001100001101001111100100100
111111010101111111000101010111
000001011110010010010100111110
001100110010110011000111010011
010001101001101000101011000001
101110010001100100010110101111
110101101100000011111000111101
101011000100111101001001000011
111110110101100001001010101000
110011010111010001111101111000
101001001100000111110100010001
000011100011101000001001100011
111001000001001110111111001101
000110001000101110011010111100
010100001101011000110011001010
100111011100100100001010111101
100101011110101100011110111100
101111101011100100110000011111
010000011101001101110000011111
