011001100110000001110010010101
100000011011111001110111111001
001101100110110101111101010001
010111001011100111101011100001
110010110101000010011101010010
010001010100010111100111010000
010100100110101000001010001001
010101111100111001000100100100
110100110011101101100100010100
001000000111100101001010100010
101001100001011100110100011011
100100101110101001000110111111
111010011110101000010110111010
101001011110000110110011100000
111010010111110111011100100110
010101101110111101001011011001
001001110101000011000010001110
100001110101010011110111000111
111000010001011100011001101100
110010101110010100010110001110
101111000001010100001001010101
110111010001011011111110110101
110010000111101101100110111111
110110010111101100110100010100
101110111110110110000100000010
000110111111010110110000010100
011100100010110111011100111100
011111011101111010111101101111
010010010101101100111111011011
010110111111011001000100100111
