011101101000001001000100010110
010100111010011000100101000101
001010011110111000100111101011
101110101111100000001000001011
110010111111001101011100100010
010111001001111101010110100111
011001010000110001000110100000
001011111010010101011000101001
111100111011101000100100111001
011011101110001100000000100000
101110010110100100000000010101
011010100110011111110010101101
000100110111000011111011100111
001011100100101110011111101111
100000100100111111000101011100
010100000011101001000110001000
100111100110111101110000100011
011010100111000001101101111000
000100100011010100000101011011
111100000000010111001101001000
110010110000111111100000110010
100111101101100100000000000010
010111011110011100100100011110
101100111111010110000110000010
110011111101001111010101001011
011100100011010010011010101110
101110101011100110101111011001
011110100001001100100000100111
100110101001001010011000010000
110101100000010001110111100001
