000000101100011100111110011000
000010000010101010000101010100
110101001000110100001110111110
100110001011000111000100001001
011101101011010110000100001010
000100110101011001001100111101
111000101000101011101000001100
100010100110010011100010010000
100001010000011100101001011001
100100110111110110111110001000
110100110111101011111101011001
011100010111011000001010100001
010111010110101001010110110001
110111101101001110111011001011
001001011101110001010101000011
011100111011000000100111010110
111110111100001101010001110001
100101000001010000100100111111
100011001111011111101010111101
101000111010010010100100110010
010111111101111100000011010011
000000111001010101100110010000
100000100010101010111110000111
011000001011001010010100111010
000001000001000101100011010011
011011010100010011000011100111
001010011011110110000001001111
000000001111010001100101101010
101110101000010100101000000101
110100101111010010111110010111
