011001000000101010011100111101
100010001110010110000101111100
001100001110101011000001000110
000110110100101110010111010101
111010100100100011011000110110
110100100001010100110000010010
011111110101110110000011000011
100001010001011001110111110010
010100110000011101011101010101
100111010100011110111110000000
000001101111010000011011001011
010110011101001111101100001110
011100010010101101111010100110
100100101001010010001000011100
001010101000110111100010101101
010001100111100111000111010000
001110001011111001101010101011
001100010111000111000011110101
110111011110110110101001111010
101111100100011111100101000100
010000101101011100111010000110
000100100110011010110110110010
101110000111000110101110100110
000110011011111111011001011001
100101101000001011011011100000
111101010100101101000100011000
010110110110001010100011010111
111100010001001010010001000110
101000000010001111010010001001
110010101100101001101000011000
