100110110110010110111100010111
000101100001001101010101111101
101000110000011100010001101010
000001100011110010100110011110
100000000001010000010011010101
000011011010011110011001001111
111011001011111101111111111111
111000111010001111010000101100
001010010001111010111111110011
001001100101101101001101010000
111001010101010010010011000100
100110101110100010111000000011
011110010100010110101011100101
000110101000101010010000011111
000110010011111100011000110111
110111011111001010111100000110
001111001110111011100001101010
100110010100110100100010001011
101010100011100010111101010101
101100101101111001010100100111
010100000100100111111100000001
001000100001000101000000100111
011101001000100110100101001100
111001101011110111000101000111
001101101100111100010011111000
100110000011010100011100010101
100101011011100100111001111111
111111100100100010011010110001
101000110110001111101010110011
011001000001011011010001010100
