000100101110100010010100110010
110111001001001001101100010001
110111110001010001101001110100
110111110110011011100010001101
111111010101000101110101101111
001100001110101100001100000110
110100001111011111110110111000
101001110010001000100101100100
001011011100100000010101011010
011100000001100111000100111011
100100001000010010011100111111
111101000000101011011100111111
010110010001011000111010100100
001101101011111111110110101010
101111101100011100111000111100
101001110010100011011111111101
100111101111100111101011011010
110011110101010001001100011011
100001000111101001111111101110
001000100111011010011000110111
100111110100101011000010111110
011010100111100011000001000111
010111111011111101000111011110
100100001110111111100111101001
111001011110001000001100001011
010001001110010010101001111010
100010111010010011010010111000
010011011000111101000110110010
110110101101110100000111000110
011000010110110000000000010001
