110111010111101111110001111111
110110001010010111000010001011
000110110000011010000001110011
110111010011010000010010110100
101000100001111111000010011011
111010111000111101110011010100
001110110101101001101101010001
110101000100011000100011111011
110111001011011001101110110000
000011011101000010010100100100
000101111101100110111011000110
010000010100011100011010100100
000011101010011001000010100110
110001101010110100110010001101
010100010001110001001111110111
011001110101110011101111110010
111000111100100100001100011101
000001001110111011001101110000
100110110111011000001001111011
011010001000001001100100001110
000101000110110100110010100011
100101101110010111011001101001
100110100110100100110100001110
111111101000100011000101100011
111001111000000100010111011000
111100010001111101000111101110
101111010011010110000010111100
000100110101100111111001101110
110011100010110011011100111000
011100011111000001100000011111
