000000011000000100001100000011
010111011001000001100001000101
001010010111111001010000100101
001010010001000000010101000001
110110101011111110110011110110
100110010011101101110101010101
011001011110000111010100101100
100000100000011101011001100110
111101001000001100111111111101
001011000010100101111111010001
010111010001010010110010100110
000111110101100101001000100100
001011000000110010010110000110
101000100101111101111100010101
001000010000100101100111011010
011001101010010000011011010110
100000100111011101011001111111
000111101101011000010101010111
011001011010011111010001110011
011111001111010110010010000101
000101111001011011000100010001
101111101110111100101111100001
100011010110000110101001011110
001001111000010010111111101001
100100101001001000011100000011
000001111100000110001000010000
000011011000101110111110110110
101001010011111101110111011100
011001010100101111011000100010
000001110011001100001001110101
