011110001011100111111110110111
000000000101000001011010101110
000101111110010001011101101000
101000011111010111110010010000
011110111111011110111000001100
010001101001010011011110000111
111011011110100111101110011110
100100100101100111001100111011
000101100100000000000011100101
101001101001100110100110010110
110111111001010110010000110010
110000101100000011001110011001
111101100110000110111001000011
011011101101010011110101100001
100100111111110010010011011001
111001011111110110111111001100
011000101111001111001111110111
001011110101011100000010000111
101000111010011100011011000010
101001011111110100100010011111
100111011001001011100011101100
001110001110100011001111010101
000101110110011101100001111001
100011000101111110110101110001
111111110110101011011100001010
011000011010111110100101110011
010101100011000100100001101001
010101010001101110111111000110
001000101110110110001111010100
101000100000010001110000100000
