110000001101001000001100001000
101110111110010101000101010100
101011011010001000011001111110
011110110110010101101000010111
011111100010110000001110100011
010101100011110001110111110011
100101001001100000100110010100
100101110100010101000000001011
101011001000110011110111111111
100010110011101001011010010110
111011100010001010011110001100
011100111101101101011011101101
110011001101101100000000110011
001100101001000000110100111001
001111110010011110000001001110
010100010101111010001001000010
111011011110110100010111100010
101111010100001001001010001010
000010001111011100110010010111
000110010010010001000010100101
001101010011010101100100100010
001111110101100011000110110110
011011001011110110101111001000
111110010100000011010100111110
001111010101101101011001100000
111110010010000001111010110101
110010001001011100111110011110
110001001110000101001110001110
011000010000000100111111111101
010011011111001100111110101101
