101111110111011110010011101110
110010010000001000111010111000
110001111000110110001011000101
100011010101001100011010110111
101100100111110101100011100010
110010110101111001111010101011
001101011001011001011101110010
110100011010101010101100000110
100100001110101110101011010111
000101101011010111001000010001
010001111000010101101010100110
000100100101111010110101010111
110101110001001110101100110000
000010101000101010011110011111
000011110010001011111110011111
101110111000011000011111011011
101111101011100100111001001110
111101010100001111111000011100
011000111110111011011001101111
011000111110000110111110101111
110111100010000101011000001010
101111100101001101100000001100
001100001010100101000011100111
111010101011000010010011101101
001000010111101010111000000010
000001111000001110000110000110
110010000001001111110011110101
010001100101100110000000100010
110101100100000100110110100100
111010001101110100001010111010
