001100010110101010000010111110
100101100110111101010100110001
001001000000101011001010101010
110011111001000011110011001011
111111010100000100111010000001
000000110100110101100100100101
111110010110011110000101001011
001111011111011010101010000010
101101000001111011111000001011
010100011101010001101111100001
111110001000011011010110010000
001010001001100001110110000010
100010101111110101100101000000
110101101101000010110001110100
000100001011100000100001111100
000100101000101111000010010101
011110011111101101101010000010
101001111000101000101110010011
011010000111110001001011000110
100110101011111000111011101001
101101101011001001001001000101
000101010001111111100101111010
011111111010101110100111001100
100010111001101111000001000010
011010011100010010111111101001
111111110001000001111011111101
000101110100111000010011101001
001000000111001001010100111001
000000100010001111111010101010
011100010111111100000000100100
