100101001111111110100001100110
110001011110000110000000110000
100101010101101111000111100000
010111011100110010011101110000
010001000110010110011001100101
001100010100111111100001000000
111000101100010001011101110000
100000111110110010000000011001
100100111100100100000000011110
000100011100001010000111000010
011011110010110111010011100110
011001001110110100111000101101
000111010000110001100101110010
011111101011001010011101010100
010000011111011111010111011110
010100000010010100110110110100
101010000011100110110100101001
011001000000011000101001000111
100100100111111000100100101001
000010000000101011000010010101
110101101111010001100110110011
110000100000100010110101111101
100100111011011110110001011010
011011100011100011010100111111
110000111010100110101011001100
110010100010011011111110111001
001110000001011000000011100010
111110101000110111000010001001
001011111011010001011011101101
111010110101010001001001111001
