000101100110000010000110001100
100001010100110010011001111100
010010101011010100000000001110
101011000100000101010011101010
110111101110010101101011010100
000100111100100111001110111000
101000001011100001111010111111
100101011100111101011011101001
111011110100000001100101000100
101100001010010110101000100101
110110111011110100011101010001
100010001110110010110110101011
101011101000111110011100101000
100111110010100000100011110101
000101000101000101000010110111
000011011011010111010100001010
010110101010000101010110001011
101000111010010100100001101101
000100100111111011011110100001
100111101110100101011101000001
011100000101011001010011110000
110110010011100100010011001001
111011111100011010011011101010
000000100010010110010110111000
011100001000110001010000111010
011101101010011000110001010110
110100101010110010011010001101
110111010111010111100100010000
000101100111010010111001100000
110001001011011101101000011001
