000000100110100011000110000110
010001010001110000101110110000
100101111001001011000101000001
110100010011000111110101001110
000001100001111111111000101011
111101111111110001100100110000
100000011100101011000101110100
101010011000010101100100110000
010000000101100000111011001010
000111111110111100000101011101
001101111011111100001111100011
101110001001010001010111010001
111110001110001011110001110111
110010111001011001111001001011
010011110011111001110011011101
010010101000101010001011100100
011000100111000100000000100110
011110000010100100110100011101
100110111101000100010100011101
110010110111101010000111001110
101100011111000101000111010000
001111001000011010001001011011
100001011001010100010010110110
111001011110000111111010111011
011110010100001110100101110111
101110100110010010010110000000
101000100000110110011010011101
000010011001000000100110010011
101110101000111110110110100101
101001011110110100010010111100
