111110101111101100111110110101
000000001101011001010110110110
011000001110100001010110001011
100010111110100000100101110101
100111101011110010101101010110
001100110100101010101100001111
110000010010110100011100001011
100110011011111010010111110000
100110110110101001100100011011
110110111010000010001010011100
011111011101101001101110111000
000011011010101010100010001010
000110100001111001101001000011
000101011000110110101011010010
001111011001100001100011110000
001101111101010101101100110000
110100110001000100101101010001
001011001010010111100100011100
111010110010000111000011110001
001101001110011000001011011010
111010101110000110001111100010
111110100010111100010001100010
100111001011101011101101110011
011000010111001100101110000010
111110111000001011111001011100
101011010010001011100011101100
110111110011000100000010000011
111110001000010110010000111011
100100011111011011101000010011
010001100001001010001111000100
