010011100111101111011101011111
111111100110100000110101111010
111010000010110101001101111110
100001001011111111100100010111
101101000010100101001010110100
001011101001011011100000011110
110110001100101100110111000110
100010110110111100000010011101
010001011010101101101010001010
010111110110010100100010111010
110111100001001010000011000000
011110000101101011000101000111
100100010111111011011111011001
101101100111111111100110110001
101111110100001110010010010101
100111000111100010010101010110
010001101001000011001101110111
111001111010111011100110100000
010000010001010000100001010010
001010010100011110010101011001
100101101011100001010010010010
000111111110001111011101011011
101101110001011101100110111011
000100001000000111010001011100
010000000010011001000000001011
010000001001101100111100111100
001101011100110000111001010001
010101010111110001001111101100
101111101110100001001001011001
111110101010000000100010111111
