010011110101000010110000010000
110010101011001110100111110010
100001000101010101111011011001
111110011010110011000110111000
000100101110110111010110110110
001111011001010101110011111000
010111001000110100011101011100
010111110101001011100111000111
100111000010101011010011101011
110000111010010000101100101110
110101110001010001010011000000
101011010011010101110001011100
111100111001010110110011111011
111100011001100110000110010100
010001111000001001111011100000
011111101011100110001000111111
101111001111101101110100001010
110101010111011001100111111011
101101010011111111111000100011
001100111000111010100101001111
100010100100010100101111110101
011110011101000011010111000101
010110100011011110111000100101
011011001101001110001111100110
011100000001011101011011001000
010011000101000010101110010111
011000000100101001000100111000
000111011100010011111011111000
010100101001011000011001011101
011101011101000100110101101000
