000000010010111001100101100101
011001110110101110100010010101
100010010111001100001000011010
111111001011100001101010000010
110110000011011011111011111100
000001001111001111100000001010
100011010011111000011101110001
000100001101000110001100010101
000101101101101011111000011110
100110010101100011111111001001
000001111010011100010011101010
011000100010111111010111101010
110100010101000000011111011000
000000011110001100001110111110
100010000101010110100011111111
101110010000010000101110010011
110010111111011001000110111101
111101010010010011001100110100
011010110101000011110010000000
000011010110000010001110100001
010010100000110101011011010111
011001100101100010010011100010
101010011000010111101110101011
110100100011011001001010011100
000001111010100100110100000011
011011101011000110010101100110
100110111001001000101001110010
001000100111110101011100111101
001101011101011110101111101011
111101101000111101000011110100
