110001001110100011110111011111
001011010100111001100101100100
010011011001010011111110000100
000001010001100010110101011101
011101101010110100001000011010
110100101100110011001001010001
000000111001111111111100110110
100001101001100001100000101010
011101000101001010111100001100
110000001100101011001001111100
111100010011010110100101011011
001101000110011110000101001011
110111111111010110001011001110
101100101011011100111110000111
001011001001011001100110011101
110011000111101111001010101110
110001000011000000110100111111
100101011000000111101001000000
110100100111001101111001001100
010110101100110101100010111111
100010101101101010010011101111
100011011011010000100100101110
101001110101111000101100110001
001100001101001110111111101011
000110111110010110111011011111
001100001000000011101001000001
110101101100010011100111010000
001110001111101011010100001010
101011010000100101111101101110
110101011011100100001101011001
