101101001111111110111001110010
100000001111101110001001111101
100011010011101001000010001111
100110001101010010101010100110
010100010110101111111010110011
011001010011000100100001111000
000100011100100000111010000000
001110111000001001110010010010
010001001111111100010111000101
101100010010000100000010100101
001001010011000110000110111111
100110111001110111111110111001
000111111101001100110100010100
010001111000110000010100000000
111011101100101101110100110101
001001100101001111110101100111
110011001001010011100100011011
101011011101101100100100111011
111000000010011111010111010101
011100000100010010110110111101
011101101010010011010101100001
001101010000110000011010000111
010000011111000111110100001110
010011100011100110100001001100
101111000010100011100011111000
001101100101111110111001010001
000110111111010101001011010001
100000001110001001101110101000
100010011001000011001001001111
000001100111011101011001001010
