001100110000100011100110100101
001010001101111001110011100100
101100111111001001011000000010
100111101110100100110101110001
010111010100011110000100111101
101011001110011101000000110010
011110111100000000100001000101
011111011101100000111101101001
011111001010010110100011001000
111101010101110011000011010001
100001011001100100001100000010
000010101100010010000000110111
011011100100110111110110111001
110010110011000011000010111001
001000110011011100101111010100
111110101011011011111010100000
001101111110100101110110001010
000111111010010011110101100100
111101100001000111100000101111
101001010110110101011010011010
000001101010100101111001111001
100111100010110101000011001100
011111001101111111101011111100
111010110101100110111010101101
111011010101010010111110010011
001011101001111010011001000010
001011000000011010011111010001
010001111010010010111100010010
110011010000111111110111111110
000101000110110001000010001011
