100111001110001110101001000011
100101000110100000011001100101
001111111110111011111110001011
001010011101100100010111010001
111000000101101000100010101101
011011011101011110101001111101
101001010101111000100110001110
000010011110010000111101111011
101001110100101001001100101101
101101100101110100101001010111
110010011100000111110001111110
111001000011101000101111111100
110001110110101111100000001001
000110011110001011101011010010
110110010111011011101110110111
000110101101110101100111000101
011101100111101100011011011100
000100001111011010100111111110
111111110001100000110101011110
100001010100000000111000101110
110111010010110010010111111101
000011000010111001111010100010
000111000001000100110011100011
001001101101010010010110101010
010100011010111000000000011010
111111111011100101111001001011
001111011010101101010001101001
001010001100101100100111011111
001111000011001011010011010100
101000010100000101100001000101
