011010100101111110000100001111
100000101111000100001100101001
001110111110011011111110100001
011101101100000101000111000110
001001001110100101100101001101
110100110001010100100011010010
111011110011100001001111110101
101101110001011010101110101101
000110001100100111010000110100
101100001111010110010111111010
100111001110100001010010110010
001000110111010110011110111100
000110110101101001011111100011
000011001010100100001111111011
000100101011110110000101001110
011100101000110000000001101101
001000100100100100100000100010
110010111101011110100011010011
011011011111101100011110101011
000001111110000010101100010110
111000100001011100011011010000
001100100100001010101000011010
101011110111101110011000011010
001000001011110110010001001100
011100101100001010110010000100
011010001000011110110101101111
100010000101011110111010111101
010101011111000011110100010111
111001000011100011000110000011
001111100110010000111110011101
