001000110111100101100001010010
001100011000001101110000000001
110110100001101110000100101100
100111100101100100101010000001
111001111100010010010011000001
010000111111101110001001100100
101101001111101010001000100000
011001111111000110001100001100
101100001101100111000110110011
111010101010001100011001101110
010001000111101011111110110001
001100011100000011011101100101
010101011100100001111100011001
101010101001100011110011111110
011110010100100010001011110111
001010101111110010000001011110
111000111011100111111111100001
110110011011001111111001100000
001100111011100110010101000011
010101111110111010111111100111
001111010000000101010001011100
011010100000010100010011111000
100001101001110011000001110111
010000011011010001110011111101
001111101110011011011011011100
001011011101010010000011110101
010110000110101000001001101001
110110011100100000110001110011
000000010110101101000010100101
101111011010110011010001111011
