010000111110100111100000001000
011000100001000011110101010101
011010111010010111110011111010
101100011110001011011110110011
010101011000111000101100011100
000000011110010100111110101001
001111010001110000011010010010
001010101010011101000110000100
100010110000100011010101000111
100001010100000110101011101101
111001100110001111011101000111
110100111100100000111001000000
110110111111100001101000001101
100000010110101001000010011010
000000010000000100000011000100
111111111010011001101010100111
111011010101000000001010101011
100111000110000011101001001000
101110000101111000001111110110
000000100010110100011011000011
111100111011111111000001011101
001000100000001001010101100010
100110001101010000110011010010
101101001101001101110100011100
100110110000101100000010011110
100110100110100100001001000100
111110001101100100000110000111
001010001001110010101010110001
011000111000001010001001101100
110001101001010111000001010110
