110011001111110110101100001111
110101101100111000001010000101
001111001101110101111110010100
110110101011101000100011101101
100000101100111110111110001110
001000001001101000100001101110
100110000100000100101001010010
100101010100110100110011101010
111100000010111010110000011111
011100101110100010110100010100
000111101111000100010101110110
011101111000000101110100110110
111011111011000011010010010000
011011100111000110111110000011
100000111001011101001010111110
010111011010010100011000010011
011110001011100101110110110111
001101111011100101101110100100
011100101111010110010000001010
011100111011110011010001010001
110000111010110001011100100000
101000010010100010110010111100
011111001111111101110111110010
111011000011111010100010010000
100001000000100110011100100111
101010101110010010110011101101
101111101111100101001011111111
001101100011100111001001101110
111001101110000001111100001110
101101101011011101101010010111
