011110001001000111110010001111
110111111000111100001101000000
100010011010000010100011100011
101110110110011000001110100000
001010101111100011100000101101
111001010010111110001101110100
110000010101010111001000010000
101000000110001010100011110101
101111110111101100010011101100
100110000101100110011100100110
001100000100010001100011011011
110001001100101101110001111100
111100100001011100110001111110
011010110100011000000000000010
100101100100000110100111110110
100010000110111001110001010001
011010001001101100001101001010
010100100111101010001110100000
101100010101100010010111000000
001111001011111101001101100000
101010010101011101100100111100
001001000000000010110101100010
110101100000000011110011000000
100100111011111111000100011100
101010000110110001000010101000
000100111111100010000100110111
100101000011001101101100100011
010100011001111101000101111001
101000101001111000100100111110
101110100101110111011010111111
