111000110101101110001010101010
010110011001101011001111010011
101011100011101111001010100000
010010000110101000011000011010
011001010110101110101010000100
011111111000110001010011010100
110011011100101000100001110010
001000010000111100101010011001
101011000110101111010001111011
101101001111001001000101111101
000101010100000011110001111100
010001111001111011000111110001
101000010101101101101011100100
110101110011011001100100100110
100000100101010111001100111000
011010111001001100110011110100
111010001001010101110111111110
010101111010101100010110111110
011000011111010111101000111001
101111100111001100101010100110
110101100001011011100010010100
001101001101010110000110010111
101101010010010111010011000011
010110100011001000111011101101
000100100001010100111001110011
111010100001110110100000101001
011110010001101100000011010001
110001011111101010100001100110
101001100000001010110111010101
111100010001000011001001101110
