101111110001000010101000000000
000101111010110001111110000101
000101100111010110001010100101
010111101011100010001010111110
011011001101111001010100000011
101110011011011010101111100001
011011111111000110110100101101
001000111100101100100100011011
000001101010000111101001000111
000110100110111100110001000111
011000010000110000111101101010
100001110101101011011001000010
110000011111111011100010110010
011001101011000001000101111001
001100000100111001011100010111
111101101100111111110001000110
100111011111110001110010010001
011011000110010100101110001100
001101111000101110001000101101
110101100111001000010111001000
101001000101010011000111111100
001001100010001000100000001100
001010000110101000000111110000
110011100010111011001000010101
011101100101010011101000000001
110100000100101011111111111101
110100101001111001110000101001
101011111010101000110101100001
000111100001100001110010000111
010100001010000000110111010010
