001011100111001111011000000110
101110011111101101011100101001
011010101110111111111110001101
101101100100001110100111000110
000111011101100000100010111001
100110100010010101001000110000
010000101011111111111100000011
101101100100100011001100001010
000000110101001101100111001100
000001001101010001001011001101
011000111011100101110010111001
101000111101101011010100000000
011111100000011011100000110110
100011110010011001001100101001
000111111110101101010011001111
000100111100110110001001000101
101111011100011011110100010011
111110010111010110001111011101
010010011000100100101001011000
110010110000111000000000110100
100111010110000000111001110010
001010100001100001110011001100
111111001010001001001010111000
100010010100100001101011011000
011010111011000100101101001000
011000010100110111010110010100
100011001010000011101010101000
001111000111100101001001011100
101001001101101110011100101010
110000010010001110100011111111
