010010111101010000100001000101
110101011000111101001101100001
110001111101001000010111010101
011101101101001011000111000010
001111110010001010111001000101
010100001001010111101010000010
010100001100100111111000110110
111010111100101110110010110110
000000000000010101011001010011
100100000111100110011000000110
101101100001010111001000000011
100111101011000000010111110000
000100011101011000010010011101
110100101100101011101100111111
110000011110010100110011101101
111101011001101110010101011100
100101100110001001000000001010
001111010011011011011000101101
010010011001101011011010110100
000001111101101010100101001111
111000110100010110010000101001
010110010110000111010001100010
101101101001111010010001101111
100100001101010110110001001100
110000100101110010111100110010
111001010111110011101011100010
000010111111000001110111110111
011010000001100110011111101001
101010011001110011101001000101
100111010000110011101011100111
