110010010101100110100100100010
010011011000000100101100100011
010011010011010010011000001010
101100000010101100000010001110
000001101001001000010101011010
010101110001111111100110000000
000111000101010000011100010000
100111000111100100011001110101
011001001001101111010101011101
110110110011110110011010000100
110101101011001001100111000111
100101110101001000110111010010
001111110010101001010111100101
100010000111111010000010011000
100101111000101111000001010111
110001110101010101101001110101
111111000110111011010100011001
100101101100010010001100101000
101100110011101111110001001001
000111000100010011110111000010
110010000101111100001100111111
001100111011000000001010001110
001010101101110110100011101110
011100110100100110001000010100
001000000000011010010000110101
111101111011011100100101000010
100010110010100111110011011111
001001110001010110101010101000
011111110110000101010011100001
111011110101011001010100100001
