100100011001001110110110010101
110000000011000011101001000010
100011110111000001010010000010
000011001001101001000010101001
111001111010010110011011100011
111010101110001110100110011110
011111010001111001010110011110
001110110001000011001001110110
110010110011101011010000010110
101110001011000001111010110100
110100011001101001000111001101
010000100011101011100010010110
011101001010110010011100001110
101110001000011101010010011011
110111001001100110101000101010
111010110001101001001000000000
101100110111011000111110010111
111010011010101001100101001000
000001000010000001110100010110
000010011100100111010100100011
010010100100001011001110110100
011010100011001101011101010101
010111011000011101110111001111
011101000110000000110111011101
000001010110000000001101000000
010000000110110101010011110101
010011100001101100011110010110
111110101000101110011001000111
100010101011001011011000101101
001110001011110000011101001110
