011111001110010111110001000101
001110111111010101100111010110
001111111000100010100010110011
101100001110011110101101011000
001110011101101101111111111010
010000011110001011101100001111
110010110011000100101101011010
110001100101110011100111010110
000000100100010110011011000001
011101010001101111110000011111
001101010101001101101111100001
001101001011000010001110010011
001000100100010100100011000111
000000001000111010101100100111
000011001111001111110011010000
110010100010011000000001100010
010111000010001010001101000010
001011011010111100001001001101
100001011111011001100010110010
001001111101100101100111101111
000100100111011110110011000000
001000001111111101010110101101
000010000100000101101111111110
000110011101100111010000000011
011010100111101011001110101011
101010101010001111010110111011
011101110111000001010000110100
110001010000001011011001110001
111100001110001101010111001110
000110110101110000000011101011
