011010000001000001100000000101
100101110111111110110001010011
001000110101010111110000010100
101011111010101011101001011111
111111101000101101010101001011
100011011000100010000111110001
110110010101100100100010100111
100110011000100110001001101101
011100100001000011110101000100
101010010000001000111100101111
110101110111000111001111100001
110110110100000010000010110101
001011111100111011101101111000
000110100110011110011101001010
101100111001011101000000111101
010111101010011001001110100010
100101111101101011101101101110
110110001110000110101110010100
001010000110011110010011100011
000101100000010010111100111001
000000100011011010100011011111
011001001100111011000011011110
111011110101111001101000010111
100100011011010011000111000000
101000110100011011000111010010
101110010000011000000000010010
101010011001011110100110010011
100001111101010010111010000011
110110111111000000111000101010
000011001011111100010110011001
