111101101010011001111010001010
000001001000100101001000100100
100010010100100011001110110011
001000101000110011111111111001
000101011101000010100011011100
001111101001010110010101000011
001011011100001101011111100110
100000011100100000110001001111
100110111111000111111100101100
011100100101111101101110001100
000010001100100011000001011000
000010011010001110111010011111
100010010000111011000011100010
011110010111101000100111000110
101110110111101001110001110101
100100001000100101011011001000
110110001100110001101101011100
010100010100100100001000010100
100110111100010011000111111010
111001101110011100000110001101
101001010110011000011101111010
011100110001010000100111110100
010110000110000111101010000111
010010111011110001000101101010
001111001110010101011101001101
111111011001110000110000101110
101011100010100000010110100001
110110010110111111010100110011
111011100101001110110111111011
010010111001010000000000100101
