011111111011110010100001110111
101101111010000101111010100111
101011100110011101000000101101
100000111000111010010000110010
101100110100111001101110000111
100100101000000001000000001001
001101001010100111100100010001
101011000011111111101010100001
001001100010010001010010100110
010110000010100101010011011001
000111110111011111001100110101
110111000000100011111010011001
011001001000100001101011001011
000000101010010110001010000111
100001011000111110110001111011
100110101010111011111101100011
111110111100101100001001101111
011001101110100110011010010001
110111011010100101001101111111
011111000010100011101010110110
011000001110001000010000010000
100011111011101001101111101111
000110100110110110000000010101
011010101110111110110110101000
100000101010101001100101111001
011011000000001010101000101111
010001011000001111101100100101
001100001110110100001100100011
001011101001010101111111111101
001100000011000010010000011100
