011010101101000011111001010000
011011011111100010110001101111
000110111101110011111100000110
010010000110000011111000100001
001110001100010011110100000011
100000001111110111011011101100
111010111010011100101110000000
000001011001000110111100110000
011010111011001101101000000000
001101010101001001001111110001
110011000001101010010000110001
110111011011010001001110111000
100011011110101101110010011111
001100001000101100111101000011
100001010010111101111000100100
010010111010100111010000100100
110101011111011101101001010010
000110101000111100000001010101
001010100001000110001000110101
100001110011000000010111100000
100001010110110001111110000010
111100000110110011110111010110
100110110010000001010110110101
000101111110011000001100010001
110000001011101110000101101111
110000110111111101001100100001
101111111100000000001110110101
000010111000110100010110111001
001111101010010110101110111111
101000000000101011010010100100
