111010010100111110100001101010
011100000111101011001000110001
000011010110001101100111111010
100110011000010101001010010011
111010110101111011001101110010
100111101011000010111000110011
110111110000001101111110101010
101100100101111000010111110001
010110000000001110010100100010
001101111100100011100011110011
101100100010001010010101111100
000100000110010110000000101000
100001100011100000011011100011
111100010011001000100101111111
101010001111000111011111010011
111101110000011101010001000010
010101111100111010001000110101
010111000011101100110000111111
111011101010101111001011011101
011111100101010110001001000001
111101010101011100001011000001
011100010111100110110110001101
100001100100111110010011010110
001000000001101000100101001011
111001110111001110000100001011
011000111000001100110100011001
010000000111010010010001101101
110011000001000000000010000101
000101100001010100010010100101
101101110100000000101111011110
