011100101110110110100110101011
101100010101000110001010101101
010111111010011100100100110101
101110010011011011001010111110
011010100110011011001101111111
100111011111001110001010110010
000110001001110011000011001010
111011110100110110001110101110
011101101111100001101101101100
101111111111101001111000000000
111111110011010111010111100000
011011011010001110000010111110
010001110100100100111101001100
111100110010101010011000011110
100010110000101011011011001101
110011000110111010110111101000
101101110010100101111110110000
101110110000111000001011010010
011100100110001011100001011110
011001100000001111010001001100
000011101000001111100101000100
010110110101111100100111110100
010010001001000111111010011101
010101110001000010000100111110
110010000000101010100100100110
011101100000010100011010011100
001011000001100000011101101011
010111010011001001001110101101
101110100001111001111000010001
011100111010111010000011101110
