111100000000100100010101001110
001111101000111000001001100110
010001111011111100100100000011
000101000101001010001001001010
011111111010100110100010001010
101011110110101011011011010100
010001000101001010010100011011
110111100110111000010101111101
100010101101100011110110010110
010000000101111100101111100011
111100011001110011011110111101
111000011110111110000011101110
010010110101010100111000101110
111001111110100011100101111001
000010000101100110000111111100
010011101011011010001101000000
100111011001010000010101101010
111101111000111101100011101011
110000000011001111011010010100
100000101010001101101001011000
111011100000100001100100010010
000000001011010101011111001001
100011111001101001110000110101
110100001111110011100001000000
101110001101010100100011000100
010010010010011100111011111010
010000100001111010000011110010
110011001000011100001100011100
110100001111101101011101100000
101110000111001010000100111011
