110110001010000100101000010100
001010000010011100011111011010
111110000100101101111010101111
101100100010001101101101110110
111000100000011000101101100011
101111001011100101100101011010
010110111000111011101010100110
101111001100100001111100001011
110101011010010011001100011010
001101100100010000000000101100
000111001010010000010100101100
100011010111100110100100010100
111110000001011011110100101011
010111000010000100100101111011
011110110110110001001010000111
110111000100101000000010010011
011010010010000000101100110101
111100010111100100000011010000
011001110010010000101001011001
111000001111010001101010101000
011001001110010010101110010010
010011010010101100010111010000
011111011111111011100101000110
101000001100110110011001100100
010101111000011101011110100000
011000111001101111101010000001
100001111000001011010000001111
010010110111101100101001001110
100011110110101000100011000111
110110101001010110001011111110
