100011011100011000000110111100
010001111010100000010001010111
000011010110110000110000011010
110110001110100101101011110101
000110101011011000100010111010
001111111110000011111011000101
110100101101111001011001000110
100100000101010011111000110111
111010001111001100101101111101
000110011001110001011101100011
101111000111101011011100110011
001010000011111001100100101101
011100011111011111110110010000
101000110000010000101111011101
001101011010110111101011001111
001001111100111101010111001110
110011011111101100101000100001
000101110101100100011110101010
111000010001101111010011110010
110111010110110001011011001111
101111101110000010011011100101
011010011011101111101101001010
001110000011010001101100111001
001101110011101010110110011101
010110101101011000000111001101
111000111000111101100111111111
001000001001111011111000101010
010100011101000000001000010111
010111010101010110100001110101
000111110100011010011010101101
