100111011011010010111101100011
001111101111111110111101101100
100011000111100110100100101000
011101011010011001100100111011
110100011001011000101001001110
010111100000010000100111000001
001000000101100010000001111100
010000010010011110011010011111
010010010000000111011010000110
101001010110001111000110111101
111011110010000000011101000001
010001000101100001110000110011
000010011000111000101100000010
010011001101101001010000000000
000100101010001110010010101100
000010001000010011110100011100
100011010101010001010111110101
010101110001100010101100010000
101000001011011000000101101011
010001001000010001110101011101
011011100111111000100010000111
010010001010111011000110001100
011000000110011011101001010000
010010010100110001111001000010
111110001001111110100101101101
010101101010000001000011100111
111000110101001101001111000001
110000010110101000110001001000
111001001010100101011000000010
001110000101111001010001101001
