101010111001000110101100000101
111010111000101101011100110000
000111011001111000010110010011
110011010011000111110001011100
000111010100010101010011001111
110110010100011001001010010001
001001100000100110101000110010
010101101001000011011111110101
010001011101100010000110101010
011110110011001000110101111111
100001100000010101001000111011
110100111111100110011010000001
101001110000011100000100101111
111000100011001010111010100010
100110110001001011000000101110
001010010001110011010100001101
011000110001101001010001011010
010011011001001001001101010110
000010010101110011000000011100
100110111000010001010111011101
001110111010010110011101101011
100000100100100000011101101111
011101000100101001001110111100
111011010001010000001111110011
101010110011001001101011010110
000011110011000010011111111000
010011011111000110100111000000
101101010110110011110010001001
000011111011111011010001000110
111000011110100010010011100110
