100000100010001000000100101011
101001100001010100101011001100
111000011011101111001000100001
111001110101110010011000100010
010110011010000000100000010001
110110101011001100110100100001
110000000000100110010010000110
101000000000001110110101010010
000110101100010010001110010100
000110000001010010100111101000
011100100100111000010101100110
101111111100000010010100011100
111000111111101111110101010010
011010110111000100110010110001
010000011100001011001010111101
111000111010100010100001100000
010100010011101101000101111100
010001010000100011011111001010
001000111000000110100011000010
010010000010111100101001111110
010101101111100101101110101110
010111110001101011110010000100
111111011000000001000000111011
111010100111110010011000110011
110111110001101100001000010111
010101001111000111000000100001
111110000000110111011000111101
111101100011101010101111001010
101111001101100000000101010001
010100101010101010111100011110
