101000110111110001111011010010
111001110001000101111101101000
011000110011110111111110100001
001111000001000111011110101100
101101101011100011011110111001
110000000010100011101011000000
101111011000110010100111101000
111100111000101100100100111010
110001000100101100000111110010
010010100010001000001110100011
110010000001100011011111100101
000010101100111110100011011001
011000010111100100000001110010
001010101011010100100100001010
011101110110110100101101101011
101000000011011100000110011000
010000010011110001100110110000
001011100110001000101111001011
010011001101110001110101010011
010011101100000100010010000111
110001101111010110101010000000
100000011111000010110000010001
010110110100001010001001000100
010100101010100001110011001100
101010000001010010001100111010
010001111001101001111111100101
100111001110001101010010011011
100010111010000011101111011001
011110010110100101111001101000
011111001000011010110100110010
