010110000010100101111010100101
011101000011111110111101101100
001001011100111111100111100000
100110011111000000111101111000
011100000101011111100010010110
000000100010110110100101110001
011110110111001101110011101110
011011101011001011101101011100
001010110000101011110111010000
011111111111001111110001000100
101110001000001111011111100100
010111110110100010100111100011
100111100000001110111110010001
011101101011000111010100000110
100001001010101001110001111001
100001011000010000110100110001
110101110110011111000100111100
100111000100100101100010011010
011001101110000011000110100010
100011100101001100011100001101
111010100011011011100111001010
101000100111111111011100010110
000100000110110101010000001101
010011101001110000100100110010
011011010110100000001001010011
011010110111100111110100001100
000010000101110011000010100111
000101110110001000000011110110
010100100111111110110011110111
100110010101110011111101010010
