110101010100100101101101110100
011101001001111100100111100101
010110101011011000111001111001
000001111011101111011101100001
010010000110110001100011100110
010111101100011101001101000100
100011101110011101010110110111
011010011110010001111000110001
101111001010000111000111101101
011011110001100010110110111001
111101101000000011000111110001
000110101001011001100001010000
101101001000011110101001001011
010110010000110110100001000101
100111101010001100000000101110
010011100011111111001101011110
000000000110000011101101110111
011110101101011010010000111000
011101010010110100111010101110
000010010001011001110111100011
110111101100010101111110000100
110100011000111000011001111111
011101011001101011111111010101
100001010101110001000110001110
011010100101000100011110011111
001010101101111011010011100100
011101100000100000100011011101
100010101100100111100000101011
100011101011101001110101001100
111011001011101001000001100100
