110100010010111011000000010111
100001011100111110110000100110
111010000100010100110110111101
000011100101111001101100000111
010100011110001110001000011001
101011111010001100011110001111
001011000001110100100100001010
111001100011101011011100111010
001010011000000101100101011011
010101100010011110111000111000
100011011100101011011110100100
111110000001011010111110001111
010111011100001001111000101100
111100010110000111110011001001
100110010100010011011100110100
101011010011011100000001101000
101101010110000111111001100000
000100111111011100100100011100
111010001011101111101011101010
111001101001110111011011001010
101000101011010111100000101100
001110110100110100011110010011
000011000010100101011111010111
011110000011000010110111011011
101110111100011010100010010010
010000000010000111010110011101
111110011011100000011111010110
110011001100010011100011110100
101110000011110101111100111100
101110001010111000000100011010
