100001010010010011000000011111
011111100101010001110010101001
010100010011100001010110101001
101010101110011010110000010111
110010110010111111010010110010
101001011000001100011011011001
101110001001011110101110000011
100100010101110110110110110111
011110001001100011110111000010
101111000000100000000000100110
010100101101110101001010000101
100010101001011001000111000101
101101001011011000000000001111
010010010100011100100111110010
100110010101101110011100111110
000110000111110000100011111000
000000111010011011101011011111
100100110100110001000111000101
001011101001000100111001001011
100111101111111111001001100001
000110010101001011111000110100
011101000101011011111101100011
011110111111111011011100001000
101100110100101001000011010000
010110111000101110010000101011
111110100000111110010111111101
111100100001101110110010100110
001100101101110011100010001110
111011000001010110111101010100
010010100101110011011110111110
