001111111110110110111110011100
100000010100100101011110010110
100110001110011101110010110100
001001101111000010000110110011
100010110001010011110101011111
100100111110100010110101011000
000100100110000101101011110011
111011100000001001001011111101
100110110110110100101001000110
010101011111001100001000010100
100011001011011100001100011100
010110001110011100001101101000
001011010001101000010101011011
000001101000101000011010101110
111100000100000001101010010011
010001100011101100101000011011
011101001010001111111111101111
111101101011000101001011000101
111101000000000011010111001000
011011011001101011100010000111
100000110011000101101111011110
011111001111001010110110010101
010010110010011001110110111001
001100000010111111001101000000
000010100101111101110011001000
110110010000000011100100001110
010110111001001110011011110000
100001101011001100111101010000
001111110101111011100000110010
010110101001110100011001011001
