001010011000010010110101011011
001111000010100011101011101011
010100001111110011001000100010
110101110010111010011000100010
111011111100010111011111001100
001011100111011111001010100100
001000100000100111000111101011
111111111010110011000110111000
010001111101011000011111101010
100011011001001101000111001000
110110000010101000110011111110
101010001010011000111100001010
100001011000100101111001101111
101000110011010010101010011110
101101110000010100000101011011
000111001001001100111001011011
011011101001010011111101100111
011101111111010111000100110101
100111101001111000011011010100
001001010110011100110110001100
101010011100011110101000011000
111100011010111101010000001001
100110010101001011111100001001
001010011110011010111011010001
010000110010101000011000001111
111110101100000100010001100001
000001110101010001111110111010
001110101000011110100111111111
101000010101001000010011010011
101011010111001100111100011001
