010101000111010100100001010110
111111001111111110100111010111
101000000010101111101001110101
101010111101110100001100110010
101001000111110100000011110100
110000001100010110000101011101
101111010111110111100010111011
100101001011111101100111011101
100111000111010110111111010011
110100101000000011111111000011
011011111010001110001111101001
101110110110101111001010010100
011100011001111011010000010000
101101101010111001101011011111
001011100011011101100010110100
010111100111010001011100000001
111001001101011110100111100000
111111101010010000000100011001
010101000100110110001110100111
110001001100101100001111011100
111001010110011101100011101011
000100111010100110100100100100
100001101001000111011100000100
111111101110011001111010101110
000100111011100011001110000001
111110011110101101101001001110
110111101101000011111000100111
101011110011010110111011111111
011101100100010110111011011111
010010011001111111111010100100
