111010100111000100100010011110
001010011111011100110001011110
011101010111010100010011011100
011101110111100011010111011011
000001110111100110010100010000
101100010101111001011100100110
101110111100111110010110001010
110010111001110101110001101001
000010101000100001010011010001
111011101001000010011010111001
011000000000000000001110000100
000010001000001111010001101111
101100010110000101101101000000
000011111100000101111010111001
010111101101111000111110011100
100101011011001010111110001111
110101110100000011001100101111
001111111001100100100010101100
011001001001110010110010001111
101011101011000011100101010110
100111111111011111010000110011
100000010101011111110010001110
001101011011010001011111000100
011110000101010011110010001000
110100110111010100100000001100
110000010010111000100101000101
101110011001100111100001100000
011100101001111101010011001111
010101101100001100110011111100
100001101101001000000011011010
