101101010000111000010100001000
111110011000101111101101011001
101100101110000100101100001000
101110011101000001110011010000
000001001011010101011010100110
011111011111000110110111100110
000001000110101010011000001011
110001101001011101001101010000
100000000111000000100110101001
011111101011101001111001110010
000110001001100110111110011111
101101111111011111101111001010
101001000011010100010000111010
100011110010010100011100001001
011101100010110010110101111101
100001110010011000110011100001
011010001010100010111010000010
111011001100001010101101001011
100001011111010100000111101100
001111001010000001001110010100
001001101000011101011110001101
001000010110100110111110110110
110110111010010100110011100110
110100110111100011100101111101
100101011000110000000110000111
010101111010010010001011111001
111110110100101000010001001110
000001011101100011001001110110
110011101111111001010011000010
100100010000011001110011100000
