110110100010011011010100001010
100000110001111111100110101001
100100010011010011001010010100
101001101011010110101100000101
111010000100001101010100001110
011111011010010011011001011100
111101111111001110011011100011
010001001001001010001110110001
001110100001010011011011011001
100010000001001111010101111010
011111110100101011011001010000
111000110011001010100100110001
110100011010100101000100000010
010011110110011100110100100110
100001101110011101000100101010
011101010111110000110110100011
011010000000011100011101100011
100111010010010111110101010001
100101010101001100111100101000
100001010100100110111111111000
111110110010110011110110100010
001111011101000010101101111001
000001110101001000100000010110
111100000100110011111110101010
011000101011101101000100100111
011000011010100010010111111001
001000110000000110010110110000
110000111001000110110000010001
010101111011111111110101011011
011110110010011100101100001011
