011100100000000000100100101001
111110101101010000101101101010
101010110000011001111100111000
011011101111001111101111001110
001110011000011000010010111000
010110000010111110101000001111
110011010110000110101000101010
000100001110000111101101010011
011010100000101110010001001100
111011100001011001010100110011
011000110000101110001111000111
100101001101001010000111011101
101101100000101001000011111101
011111011111010101010111100001
010001110110101100001010101111
001100001110000111101101101110
110111111011000000111010010110
100000100011001000000111000001
010111011110100000000100000111
000101010101101100111001110101
110111100011100101100110110111
100010111011010000000010100010
100110010000011111011100100111
110001111110100110101111100010
111000101110001100011111110101
000100011111110111110101001111
000010010000001000000111101010
100010001101011100010101110111
111001011101000111010011001111
010010101001100111011011100101
