011000101111000011010110100010
111001001011101001000101110101
100111101100000100111001101000
111110001000000010110000010011
101101000110100101010011001101
110100101100110001110001110010
100101111001000100001100010110
100000101100001100011110000100
010000111111001111001100100000
011000010101001110011111101011
010101111100100001111001001000
001010110010001101010010111011
010010100011011100111001010100
010110001101010111110001101010
001000110101110001101110111001
111000001110001111000011100001
000011001000100001010100001101
101011000110110000100010101010
001011110110001111000100001101
001110100011011011010101101011
111100010100101000100011011100
010001111011111111001110100101
101001010001000000110110001110
000000001111001100001100110110
110010011010001111100111011100
010011010111011011111111100011
111111010111011100000010001011
101100001000101010000110110000
101011001101010111001001011110
001010010011111001011110111111
