011100111111101101010110100100
011010001110100111110011001001
000000100001100100011001010111
011101001011001100111100101110
100100100000111001000101100110
111110111001101001101100111000
100111010100000000111101101100
111011101110000100011111001101
111110111111000111111101110100
101011010101011100101110000001
111001111000111001000111111110
110110111010110010000101110111
101011101110100111111000011011
000101100100100101111100111111
010010101010111111001011010001
000010101101010100010010000000
001100011000101011100110100011
011000111011000000100100000110
010010100000100000010011110000
101111010000100001001111111001
111001001000111101000101001010
110111101000000000111011111001
100110011001111011100101110111
000001001100000000111101000010
100101010110111000111000111010
101011101101111010001011000001
111010010000111000111011011101
001011010110110111011011110111
010111110000010000111000001110
101011110010111011101010111000
