011010111111011011100001111001
111111001100000100000000001101
011011010100001110000000111110
000111011011000100001010101001
001111000000001101110010110110
101100101100000000011011100010
100000110010111011000001001011
001000111010000000000111111010
010010101011110100111011100001
000010010000011100001101010110
111101001100001100011000010110
101010100110100011101110100000
110001000010010010100001110110
011101101010011010011011111000
011001110100010100111000100111
011110010010011111110011011011
111000011001111111110100000011
111010110010111001000101100010
000001100001000000110110111010
101110000011100101011100101000
100110010111100001111011110010
011100110111011100010111110001
100110011001101101000000100001
100011111001001111100000001110
110010001000011001001001000010
111111101011111100111001110110
001101001111111010111011110100
110010100110001000111000110001
000000001101001101011101100101
000111011010001000111000110000
