010110011101101001111111100000
001010111101110111011101000011
101011000110011011001011000100
101001000111010111110000100111
000101011011111001111110111110
011101111000100111101110110101
010111000000111011100000011011
000100111101111111000110010001
011110000110000101101101000110
101111010010111000100110111001
111111101110101000011101110010
001001000000011101101110101101
110001111011001110110101010010
000011100001110011110100001110
000010010111000001111101100000
101000110110100010011111111001
100001001000100001000010010101
111000000100100110001001010011
100010110101100101011111000111
111101010000110100001111111101
101010110010111101110101101100
111001010001100100010001110000
011000111010011000100010001111
001101111010110110100111000001
010111000011010000111111111000
110100000110110000100001100001
001010100011001111100101001111
010101111111010000100000001111
100111000010001110111011001011
101010100101101000011111010110
