001000010101111101011001010100
110110001111100011001010011110
000111001011010011011111000000
101101011010010000110000100000
001011110001100101101001000111
101010001110111111011001001011
010110000110111010111101110011
011000001111001111001011111000
000100000010010001110110100101
110111101011001101010001010001
010001111011011001010011001000
100010101011101100111001001110
100111001111010010010001100010
111011101011010010111110100101
010100110100011101011100010000
011001010110111010000110101110
101101100011011000101100011110
100000111001011011110100101001
101001111001000111000110100010
010001011101001001000000010000
010101011001101101100011111010
111100110110000111110111100100
100000100011101011101011110000
111000000101110111010011110110
001011110101111100110000100011
100001010110010001101110010001
111001100001000001010011110010
011111010100111010110010101111
001111100110001001010101101000
110011101000111111011000101011
