001101110011110001111101010101
011111111111100011110100010010
001001101001000100000111111011
011100010000011101100011110101
000001011000000101111111000100
000110101101111101000110100100
100001111110111100100110001100
101100000010000100000001001100
011110001000001010010001101000
110100010100110011101000010100
000110101100111101000100001010
001000000100101110110110001100
010101000011101101111111011111
001110100010100011010011011110
100000110011000000101111011100
011010010010111011111001000001
101100101111000100101101000110
011111001111000011011000101000
111100100000011000100110100111
100010110001011101011110101100
110100010010100110111110101111
001001110010001101100100001011
101111000000001111010110110000
010011110110100011111111001001
011001100101111111100110000101
000110110001100111100111111010
111001001100010100000110010000
000101000001100110000101011011
101001110111011100001100000111
100011111010111011010011001101
