100010111100110110001100000100
000001000100111010110100110110
010100110110100010001111101110
011011111110000011000101111000
111001111110111100110010011001
010011110110000101000110011111
001100011000001001110000100000
001011110011001000011000110011
111011000110110011000110111011
110111100100011010001110011111
000000101110110110100111111101
010100101110000001101101111111
010001000001101100101000010111
111101111101011101100011000110
001000111110010101001010100000
110101111110101101111000010110
111010110001101110111010100001
100100010011010101011110010101
000100010110011001111111100110
100110000100001010101001001001
111000111000001000000001111010
011100101110100110011100110110
110101001011000000011101110010
011100101001001001111111110000
110110111100000011010011110010
011011100111111000100010011100
101010101000100101101110110010
011111100001101111001110100011
010100000101100000000111010110
111011111001000110100100100000
