011100100011000111110001011011
011101101000111001001011100100
001010111101101111010001000010
100011011111011010101010101001
000110001000010000001101010110
011110101110001101011001110101
000000100100111000011111011001
101100101011100101110000001111
110110001010100010010010010011
111011110010000011000011011000
111100001011011000010101110110
110100110001101010111110110011
111000110101100111010000100001
110001101100000011010010111001
110101010110100100100101101101
111011110100111010011111001000
000010111111110111111010000111
001101000000111011001011010000
010100010100011000110011001101
111101010111001000111110111101
111010001110011101010011000011
101000010110011011001000110001
011101101011000011000111110000
110100111011001000111101011001
101010101111100011110000010111
111010010100000000011100001001
011100000110101001100100110100
001000100111111110001111001110
101100011001100111001111101011
011010001100101111110101010000
