010011001011001011000101010110
110011001111000111001010100111
101111010001010001111011101100
011010100010000001010101110110
000100000000110010010111100111
000010111110010001010000001100
110101111001011111001111111010
011001001000011111010000101110
000000100110111010010001000011
001001011010010100110011110010
101100110010000000111010111100
111001001001111001001001111001
011110000111101010100010000010
010100111010101110001001111111
010111111100000011101000111011
111011000001111100001101111000
000000100011000011000011001100
010111000110100101011011110001
101101110110001000110110110000
100000101101110110100101100100
000011010000011011111010100010
011111100000001000111000101010
110001011100001101111010110001
011111100111000000101111110111
110010110001110010101001110010
111110110100100101000111100000
110010001110010010100100001111
000110100100101111011101111111
011100101000111100011000001010
000001101001111000101011011000
