110100110110011111011000000101
000110110000000010000101100111
100001111010011110000111111010
100011010101011011100111011110
000101011001110000110010110101
000011011101111001010000100010
010111001011000111000010101111
101111011001001001001101101010
111000101001000010011000000101
010111001110100100111001011101
110101010011010010001101010111
110110001110011001010101011010
001110101001010001110110010101
100110001100001111010111110010
110101111110001011101010101000
010111001101010010010000011010
000110100010001100001011101011
110010100111001000100100100101
100000001100101001101100001000
111100101001110101110101100110
001101001000010110011001010001
011011010001100000000101010000
110101001001001110110001011100
101011111101101110010111010010
101010011011010000011000000111
111010000010011011111010111010
111110010000010010100010001001
001111011011100111000010110111
110010010100110001000001111001
000100101001100101011100101010
