111000000111010011000100010111
100110101001001001111110001001
010101001100000110001000011010
111000001110100100110001100000
010000011110000110111011110001
011100011111101101101011101111
111010000100110010001111110100
111001111010001001111100101101
111101101000011011000000100110
101001111111001010110000110010
001100110000001101100000011001
011010010100111101101101101100
000110010000111000100011010011
011101000111000110100100100000
000101101010101110110100100101
100111100001000110010000101011
111101000111000000001011010110
000011000011111000101010000110
010011111011101110011011010101
110110011100001011100001000010
110111110111111111101011101011
010000100111001001101000010010
010111000100101000011000111000
011011000100100100101111000000
000100101000100010101010100111
010001011011110101110110000101
010101010100010000000100100000
111010100011001100011011000111
011010101010001010001110100101
100111001010110001000001011111
