001010111001101100001000110111
110100001100100001111000000011
010000001111011110001100010101
010011100101001100000011010001
011000010001000101101011000001
010001001010111011000100101001
111011100001000010010100110101
000010110101001011101010000111
111111010001101010010111111111
010011110111100011001111000100
100011100011000001101111000001
001011010000111100111011101101
100110000010000101010001000011
110000111111010011011001111011
010110000001010110011011110011
110010000101100100100100100110
111111101101011000001000100101
011111100001000001011010011101
010010011110100001101110011010
101111010001111010100000101001
100010111001100010010001111010
111110001100101111010100100000
101100101010111110011101010011
110001100001010100101110001010
010000111100001101000101100101
010100100111101011100000100111
110010000111001111010000010010
110010000010111111010101100011
110001001001111010110110110011
111110010010100001011001001010
