000001000101110101110110110100
000101000010110101111000000110
111000110111000011010110011001
100101001001001100110010101011
011010011110011101011001001010
110100110011010001100011110110
100001111000111110110110110111
101111011000100010011110000101
111111110101001111000011011010
101000001110100000001001010010
111010010101101110000011001001
111010110010011110101010101010
101000101011000100010111111101
101111111100011110110010011100
100011000010001000111100111100
101010001010111110111001001010
000100101101010111110011100001
101000010000010110011101100100
110111001101101001010011010111
101010101101000001001100100010
110111110001110010101100001110
111100110000110011100101010000
111100110011110011100101100000
001101001001101101011111000010
000110110100111011010101111110
010001010100101010100011010011
111001111110110111100010010011
110000100110010000011010000100
111101001100110110110100000110
101101111110111101110011100101
