000011000100111110101101111000
110010101110100101010101100100
001010110101010001100000110000
100101011110111001110111100001
100011111001110010100110011100
101111001011010001010100011001
011001001110110110101110111011
101000111011101000110000001111
000000001010010011011010110001
101001001111101101000011100110
010101001101100100111100111101
100101110110100010001001101011
101110111011010101111110000111
110010001000000110001110110010
001011111000101000011110001010
100101010101011101111010010010
111101101011000100100000110111
000011100111110111010010101111
110011010001000101000100001111
100001111101110011001101110001
011111001110101011000001010001
110110011101110011000010000011
101101100010110110011100000011
011110110011100010101001011010
101100011010101001101101001100
001000001011111001100100001111
010100111101001000000011110100
111101010010111000001000000100
000001001011111000000011010010
100111101000111011110110110101
