011001011001101111111100100011
100101001011110011111000000101
101110010100101110101100011100
010110000111110011001001000010
000100001110010111110111011000
101000001101010001010100010100
110001011011010101011011101110
111100101010011100010001011011
110000000101111111001100011110
101011100010010001101000110010
111011100001110001100110010011
000010101001010000111111111010
111000001011100011100110100111
010010001001100001010111100011
011000010110100010111110110000
010000001001110100111010001101
111011101101000011001110110000
010111001010101010101110000110
100110111100000110110011001010
010000001011110101101011110000
101110000100001110001101111001
001101000001110001011110011011
000000101010000101110111010100
011101101100110110111001101001
100100111100011011110011111110
011111111000111111100000011100
111100000001011011101110010110
001111110100111110101001111010
010111010110011100001010000010
111101111110100100000100001010
