110111100011001110010111110001
001111011111010101011000110000
011000111101011010110011101111
110101001101001111011101110110
000110010100101100001011001111
010111100010101010100111011010
101111111011100110110001011000
111100011010111000000001001010
010110100110011101011000101000
101111111101000000001010001100
111110011001111110110011010100
100111110100110010000011000100
100100100101010011000011110001
110001101001011101000101100001
100011101000000101011101101010
010001001101111110100111000101
110000110001001000110101000101
101010111110000001101001110101
110101000101010101001101111000
000010011011111011011111101000
101111010010011101001110000000
101101110110010001100110100100
010001011100110101100011010100
101100011001101010101111101001
100010110000011101110111110111
101011001111000001011101010001
100010001111101110100001011111
000100111011100001101001101100
110111101010011010010111011001
011101010110111000101001010111
