110111111011011010000000111001
111000111111010001110010000110
010111110011110011101010111001
111000110000000110001010000001
011100101000001010101011111111
010101001110110000000010100001
101111000000001111110110111001
110110011111001000101101100001
000011010111101100111001011000
001111100010100101110101110101
001111110100000010111100100001
010100101110110100010000111100
111100001100011111000010101110
010010110000101001100010010000
110111011101001101111101111100
110011100000001010011101111011
110010000100011001111001100000
100001001110101110001100111011
000000001000001010001110000000
111101110100011111011011010110
011100101111000011010101100110
111001010101011011100001000011
100110010110000010110011011000
001001101101111101001000110000
110001001000011001110000100001
010011101001001100001100110001
001101100111100000001010101101
011110111010110101011101111101
011110011011110000111010100110
010111110010000100111100011001
