011111010110111101000001101101
110101010010101001100001001001
001010010010010100110010111011
011100001101100110111110001010
010111011100000111100001100101
001000011110111011110100100110
110011101101010001101111011011
001000111100000000101010010001
111010001101001010111011100100
110111000001001111011010111011
000000101010000111111100100101
100001001101111010000011010010
110010110011111100100011110111
110010100100011010111000000011
000101011001101111011111101011
001000111000110110111011010101
000001111100111001110110101111
011101100111100000000111001110
001001000000101011001011100101
101011001010110100110000110011
001010011111011101101101010111
101111001101110010000111100011
100000011111101101000100111010
111100110011110110000001101110
001001111010110011011111011111
000111100011101000001011100010
100111000011100000011010001011
110111110100101110101111010010
101010101101110010000101011100
110000110001000000100010111111
