111111100101101001000100100010
110000110000000000000100000111
011100001101000011110000010100
101100010101010001010001101101
011001010110011000000111000100
111000110100000011011100100001
010010001101111011110011100010
001010000001000110100101001000
101001110100101110110000000101
001101110001111001111011000000
011001001111010111110101111101
011111000101101001101110101001
001011010111001001010101100011
100011010111000110010000100010
001101000111011110100001011110
010011111100111100011001001101
000001010000000001110100111110
011100110000110001001000000001
100010001010101001100011000010
001001001101011100010111100010
011111111100110101100001110110
111010001111101011010011000100
101100101101111001011101110111
110001111111100000100101011000
001011111100101010001001011011
100111111111100011110000010111
011000000011110111000101011101
000110110111101110100010010110
101111000000101101111000001010
001000111101101011001111100101
