011010101010110111100110101010
101000000011111011001011110000
000010010011101111110001101011
010110001100110000110100111000
111111101010010100111110010001
000000011000010110001000101010
101000010000110101100001001011
000111010011110000011101110001
001111110100100111001110101100
111110101001010010101001110011
111000001001011010011110111110
100010010010001010011000110011
111010101000011001101001011101
010001001101100100100011010101
000000011101011011110010110101
010011011110100000000000111100
111011101010010101100111100100
100011001000110111011000000110
100011100111010010100110110111
001101100000010101011101110110
011000011110110011011001111111
110010001110000100101100000101
100001100101111011011101110000
011111011001000101101000110001
110000011011010101010001100101
010011111110010011001001001100
100001110101100010101101101000
010100100010111010100110000100
100011011000111000111101000011
100010101011011110100000101110
