001111001001011101000011100110
010011000111101001011010011001
010100101010110011111100101101
101011111111001001110010100000
001001100101101101111111010010
001111011010100100001000101011
110000011101001110011010000001
011111001000101010111001100110
111111010000010101000101110001
100110110110110000010110100000
100110110010000010011101111110
110111111101101101000001011101
001001111110110000100001000000
011110111000101011110000101000
111110011011000000011110111101
100110111011100110000101011001
001001111101100001000101010000
000111101000011001001001100110
110011100000010111110110011100
110100011011111111110010101111
000010101000111111111110100111
011010010100101011111010101001
100110111110110110010010101100
000110101001010011011000100010
001101001000101000111000110001
101001100110100010110100111111
110111101010110110101011100101
000010101101000010111001111111
000101110101011011100110011110
101000110110110111110110001010
