100000001100110101111010101000
110010001101001101110000011001
110000011000101011000010100110
111010110000011100001110110101
001000101001110010100010111101
111110000000100011000111000111
100111100001000110101000100101
010010110110110101110011011001
101101110100001110000110100011
111001101000100100100101100010
101011111110100110000001101100
110000101101110000101100010001
011000110001000010001101000111
101110111010111000100101101000
010000100001111001001100011101
110110110111010101101110001110
000101101011001111110000101100
000001000011101111001111111100
000001000111010110001010011110
111001111111001100010000000001
101101111000111010001011000110
111000011001111100000001001110
011011110101000111000011001111
110001011101100000111100010110
100000010110000000100100010110
100010101011000001110101100010
100010010110000001010101111000
010000111001001101010100111001
110101101100000000000011011111
100111001000111001001110101111
