000011111010100100110111001011
100100111101100010111010100111
101010001100100011000110010110
101111001111110101111111111100
010000001100110010010110010011
110010001010000010111011011011
100100001000010110011010000110
000101000101101101100000010101
000110111101010000011011111111
110111001001101100111000001111
001100100011110111110110110011
101111101010101010010011110010
000010100100100110011101101100
101111011110010110010101101111
101100110110110011010011011110
001101010100001010011010111000
001101111010011011011011010101
110110001000010001111111000001
101111010101000001001010010100
001101110011011011110000011100
100001011110011110010101110111
101111001000000001110100001011
111110011101011001101010000000
110000101000001110100100100000
001101111100100000110101011100
000111001100110010110111001000
101000110110000001101111100101
010110001111111111011000100010
011100110111100001001010111010
011110000110000100111110111011
