101110100011111000011100110101
000100011000011100010100000100
100011101001100000000010010011
011010001001010111100101001000
011000101011010001110100110011
011001000101010011011010100101
111001011001111001101001101001
101000100110011111011001111111
001110011001000010001111101111
010001010101100000100001110111
011000000110110000111101000100
011110001110111000110100000000
101110000100001011011011001101
010100100110110000111100111000
000001101000100100011011010101
011110011011011000101010000110
111001111111110110101110110010
011011111101011100110100011000
111100110001000010110000110011
110110110111100111010011010111
100001100100110101000011111000
101010011010100100001011001111
000110000111001011100000000111
101101000100110001111100111111
110100101001101111100010000011
011010110011010101000110110101
100010101111001100001011011010
110111010110011001011001001101
100100011100111101010001001101
010111111100100100100111111100
