101000000111011010101001111000
011001011011010000110111000110
111111011111011100101000011001
100001011111111111000001011101
100111101000100000110001110011
011011111110000001100101111011
101010010001101001100101100000
011010011000011011101011100111
111000100001101011100101001101
010011000010110110011010011100
001000010110111010101000010000
001010100000011001000010111011
101101101111110001101011100000
110000111110011000110101111001
101010110110101100100111110011
011111001110011010000101000001
101000010010001010110100001001
010001100111001101000110101001
011000010001000010000101010011
110110001011100101110110010001
000010001111011010100100111010
101010000011111110000111111101
101111101000010101001001111110
010011101110010111001110111011
001001111101101110011010010110
110100110010101111010011011101
110010011011011111110000011111
010010011101010001100100000110
110101111001110001001010100010
000001100100010100010010001000
