100100010000001010101000010011
010101100100111001101111011000
011111100100001100100010011000
111001111111111011011001011101
001100111011010110111101100100
010110001110100011001010000011
111101010001101100110110110111
111000000010001110100011010010
111101101111100000110111110110
100001111101100101100001110001
000000011001100110111000111110
001011000010001101010111111100
011011011001111111100010001000
111000111110011001001010010011
101111001001110010100110000011
111000001001001000100010001111
111010100000100010101111100100
111011010010011011001110011010
111001000111010101001001101101
001010011010110100011101110000
001111011010110010101010110101
001011011000100110100001111010
010101011111110001110001110100
110001111011101011001010011011
011010000101011011001000100111
100011001110111010110000001011
011110000100111001011001000001
000001110111011011100111110000
100011001010110111001010111101
100000110110011011110100011111
