011111010100000111010111000111
111110010100101001100100111111
001010111010100100101110110011
001110101101000000100111000100
010000011100010011100100000111
000001001000000100101010110101
000110001010010000100101100000
110001100010011011110111100110
100111010100100010111010101101
000100110010101111001100100111
110011001111000100010101001101
100010100111111100111001011011
010010111110101011111111100111
000000110001011110101110011011
110100111000101000100101001101
110101100110001010011100101101
010011010010111001110100010111
100000011100000111011011010000
000100110010001000011101111111
001001001011110010101100010110
100100101110110101000111010100
101010000100011100010101011101
100010110011110100110101011111
001011010110010110011100000011
010101110010110010101101111101
101110110110101000110001011110
000000111101100100010001011011
100110101011010111010100110011
010011100011111100000100010111
001110010111101010101000101110
