010010010100101111000110001111
000110111111001000011100010101
111111111100110001111011101101
011000011001110000011100111111
001000000000000100011000110100
101000001100101110001100111101
110101101111110000011011101110
001111100110010100010001110101
110001111000101001001111000001
000101101011000000011000110111
101000010101000100011011101010
110011101001111011111111010000
010111001001101111011010010110
100010000011010110100001101101
011111100111011111100111110010
001001001100101000011010010101
101100000101101111000110001101
001001000000011011011111001010
001001110111101110111111100101
101100000011001010001011001001
111101110001111111001001111101
110101101000101110100111011000
110101000010010001011011010111
000011010100100100000010110001
000011110001100100100011000010
011010001101010011100011001110
111001011111110100001101100100
000010101111101011000010001111
000000000000110001000001110010
110011011000101010110111110011
