110111111110110010010010000100
100101010110001000000011010100
000111100101011000111011001000
001110111111100101011101011010
101001101100001001101101011101
000111111100001110100100001110
110001001000001100011001100100
111001011001001111111010101110
100101001011101011011111001100
100000100000101001011001100000
000101100101100100111100100011
100100001111000011101111001101
011111010001001000011110010010
000101010011110001010000110110
100001000011111111000011011101
101001111010111000011110100011
010001111000000111001001101010
111110100001010000000000100100
000011001000011110111111001111
110110000100110100000100010010
101001011010100100001010000110
110011010000011001001000011110
010100111111011100100111111010
111101010100011000100010010001
010010000000101110100001011100
100100101100011111011101111001
010011101100110110010010001100
101011011010000010100111010010
111010010110000010001101001100
010111110001011000111101010011
