110010010011110000100100010001
011011010011001110110010000001
010101010000100100111010001011
110011111101111110000001000000
010100111000011000111110011110
000110011001000101001110110110
100100101111011010011000000000
011011101101011010111000010001
111110011011110011100110100110
010110110010011111100000000001
110000001110101101101001001101
010010110001001101110001010100
001111101110011110010111101101
101111100010100100001101101011
101101011100011011001001010100
000011001001000011111100011000
000111111000100011000110010011
000101011000000001101010001000
101101110110010100011001011011
101001101001111100000000100000
000000000001001001010001000000
101000010011001110111011110000
111110101111100111110011011001
101000110101111000000111110101
110101110000100110100101101100
110101111011001001011000001111
110110101101010000011010000001
010000000011001000110000100000
001000010000001000100010100101
001111000000100010011110010010
