101010101110000110000100101101
000001000101000111100011000100
111101111001111111101000100001
101011001011100111110001100110
001000111111111111010010010101
010011111101111110111000010110
100001001101101000111100010010
000001100101010100101110001001
000111011001010000011111101101
110000100000000001010001111010
010101100001000111111101000111
111110000110000000100001001011
110110001011101011001011000110
010001000001111110101110100111
111011101101001111001110011000
111111110111101111010001101100
101111111010000001011100101000
100001110100101011001011010011
100110111110101001010111000000
110110010010101010101101100011
000111100101100010011101000010
010010101000011010001010101111
101101001001110101001101100010
011101110110001101101010110110
001111111110001101100101101110
100011111000101110100111100001
001110111011101111001011111100
001100110001000001001011000100
000000001101001101010100001010
000111101100110011101001001000
