000010100100001101100011100110
010001110011111101011111011010
000010000000001011001110011011
110011000010111100110011000110
100111000001101011101000010101
000011001100101001110001110101
010010011111100111011010110111
100001000010110011000001011111
101010000011011001101101110111
010001000010111001111110111001
000000000110100101010000011101
111100100001111111101110111100
111111111110100001011010010010
111100000110011001010011100110
011000010101011100110011000010
101111101101011000010011101101
100001010000101000111000100110
101100111111110000111000010100
100010111011000110001000111011
110110101100100101100001001000
000110000100101111010001010000
001011001010001001100110101111
000001101111010110100110110011
011101100100110111001010001101
010111000101001001000010010001
111101001011000101101100000111
110011000011110110001100000101
000101011001101000001111110001
100001011110011001000110100100
111111100011111111000000100010
