011100001101110001101111110011
100111111001101000011100110001
110111100111100101111111010101
000110011001111000011011111001
100101101000000100100101010010
101011111111010110010010101001
101010010001011001011000011000
111001001100111101011100110100
000010100101011010100001101100
000111100000100010101000000110
011001111011010001111011101101
100011110001000100010101000110
101110011010111000111010101010
101001000011011011110101110000
110101000100110010000110100100
010100000011101011110110110110
000100010100111000000100110000
011110100111110011101111110100
110010011010100001001010110001
001000110011010011010010100111
000111111011001101110001000010
101000101111011101101111110110
011101010111011111001001000011
001010101101100110110111011001
100101010001011000010001101111
001100100100010111010000111000
101111011010111111001000010111
101010001010001010100010111110
100100110100110001100110010110
011001010101110011011110000111
