101010111000100011100010001111
110000011000110101100100110101
000010010100100100000111011000
000000001001011000011000111111
001010001100011011011100011110
111100100011111100010010001000
101010110010100110000011010011
111001111001010011101110111101
001000101011010000100001010001
101010100011001111000010101000
010001101110101000101001010100
111001010001010110101110000111
011010110010010000010111000001
111100100000110001011100010111
011100001000110011010110011011
100101110110000101101001001111
000010110010111110111010010111
100111000000100101100011010000
111011011011101001000110010000
011010110011010001101101000001
001011110111110001111011011110
100001101101100011110000111111
010001011100001101110111000101
000101001010101010010000100101
010011010100000001110111110110
000000000011000100010010100011
001101101101011111000101001011
101100010111100111010000011111
111101100111111110110011110100
101000000000001001001110000110
