001001001111100101000100111010
100100010101010001000100010011
010000101010101011011110011010
110111111100000011001011110100
100101000000110111111000111011
100111100111101100010001100100
011011001011010000100011010100
101110111011010111010000101010
000000010101000101011110111011
001110011101011100010111101110
101110010000010101001111111111
111100010101100000100111101100
110010100101100111111111110000
100100000010001101100111000111
111101100111110111101100100100
001101000001010010000111111011
000110011100110000010111001011
000101000001001111011011011110
100101010100010000111001100111
010000101000100100111011011011
001010000101001111011000001000
010000010101111010010000011111
110110101011000110010001000100
110010100011000000000011100011
101110001010000011000101011011
011000101010110110001111010010
000101001001010111010111110100
100000111100100000001011100000
111011000011000111110010100101
100000100000100011000010110000
