100111110101101001011001110100
010001110110000100100110100010
001011011110100010100000010001
111111100101000011100010000000
111000100101110001000001001000
111110011100111011000111101101
010110011111010100001101110111
101010101011000001000110001011
000101000100001001111110001000
111011011001000000010100000100
010101001010111110000000100111
110111101010110100111000010111
000011001001110000110100110110
111000010111000100110100010110
000100100011001110000010010100
010100100010100011011101111001
110100010010101000010000101011
100110100110101110000001101010
111110110000101010011110001011
001000010111110011111001100000
011100001010111011001011001010
111100101000111001111101100111
110011011111100001001110010000
101011011101111110011010101100
110101000111100100010101001011
001000101000011100110011110110
100110000100101111101111100000
010010011000000111110111000100
111110010000001100010011100010
101111000000010011110100000101
