111010110001010000111111101011
101010110110111101011010100101
000010100100001011000010001100
101011001111010010001111110110
100111001111010110110110101001
110010111011110101101100111110
110101111011011001001101100010
010010011111000100011000110010
111111011100110110101000001110
101000011001111100101100011000
111000111101001101100010011011
100101100011001010011100000111
001111100010000010111010110001
101110000010101010011001010000
011101010110001101111011111100
011100001011001110100100000000
001000110101010110111001100000
010011000100001101110010001111
001010101100100100101010100100
010011000100010111110111111101
100001010110100000101010010110
110100011101011111011101111100
101011001010101010000011000001
101000100001101000101100011100
011111111001100000001101111100
010010000100111111111101001000
100100111110111110011011111010
001000101110001010001010111101
100100010000000010100101010100
001001111010011101110100100001
