011110110011100100011111010100
111110011110011000011001011000
110100110111110101000000000011
001100010001011101100011101010
111001011001000110110110100101
111000100101001111010011110100
110011110010110010010001100111
011001011110101010001010001000
010010111100000010000100000010
101010111011111101110100100100
011110100101101101011111101100
000000001000101100010010011011
110111010001001100101001111101
100110111100110001011011001100
101101001001000101101000101000
011110111011101100110100100101
111111111011010000100101111101
000111111001001110110101100111
010101101100101111111011001000
101000011010000000000100010110
001110111010111000110101000100
101000101011100010011000011111
001010100011100110000001011011
100011100011110001101001011101
100000000001001100111101011011
101010000111101001101110000001
011011110111011101110010100000
110011100100001110011011110010
110010000011001101010011110000
010010110110110001011010111101
