111111011101001011100010011101
000111110101001000001111111100
010110110110001001010000010100
111011101000110011011110010111
101010011100101111011100000110
011101001101110010001010001000
111100101111010001011110010111
111100001111001010000100001110
111100001100001101111111110001
101111001100100000000011111100
001010001001110001111110111101
101000001001101000110111011101
010101100000000110101110010101
011001100110100001010100010010
010111100000101000011010001001
111010010101111111111000011000
110100000111111001111010110101
010000000010110010001101110110
110101000100100001010110001011
111110101110011101110100000011
101010000011111100101001101100
001101001000010110110000100000
010001111100111101001110001000
010010100001111001000001101110
110010010110001001110101000101
101000000100100110111100100000
111000011010101001011100001110
000011001001010001011110000101
111100111011000010101110101011
110010101110110000101101111100
