011110111010001011011000011010
111010010001001010011011000000
101000100000101010101100000100
010111101001110111001101011010
010000111100010100110001110100
110011111101000000001000111001
100011010000011011001010110010
110110011000001011000010000111
011011000011000100011000100001
010110111110010001101010011001
001011101101001001011011110111
101110111000100001011001101110
000011110101101111100000011111
000010010010011011011000000011
001101010100011010001001100011
100000000010000010100100111001
100100011100010101111111110100
011000011110000010010100110010
111011010000011100111100111100
010101010110100100001101110110
101010001101011001011111111001
011000101110111100100011111010
100100110110000010001110001100
000001100101010111001010001110
011101000011110010011110110000
100010111001011011111010001101
111000010110101000011111010001
100010100101000111001100001110
111001001001110101100110100100
000100011011010001010111110100
