110110110010011001000110001110
110001111000101000011111100101
100111010110010010000101000000
101100000110001100011010001100
001101011001001100110010110011
101000000010010100011111010111
010011011101111001111110001111
000101101101001001100010100000
111000011001100010011010010110
000111011101110011110001111001
100110110110110101011101000110
111111011001010110001100010000
111100111011000010011001000001
101101111000100000000010001000
111010011011011111001111100110
000111101111000010010001000000
001110100000100010010001000000
001111111110100110001011101110
111100101001011000100000011100
111001100111110101111011111110
100101001000001000100111011000
011011001011001000100001001110
010011001011111100100000101011
010010111110000110010110001101
110110110111000011011110110101
100110010001000000000011110010
001011000011000001101110010000
010001001110000110110111011111
010111110101010111011110000001
001110111110101111010101001111
