101000010011111011101011010001
000001111000001110000010000110
010111001111101100101111001000
010001001010100101101110110001
001101001000110001111001000010
011111101011101101101000101011
101000010000100010000011101001
011011111111100101110111110101
111100000101001001101100010111
001011101000111110000000000001
110000101111111001101110111001
110010001101100101101001010000
010111000100000100000110100101
001101111010011010001101001101
010111000011010001000100011111
010100011100110110100001100110
000100111111010000110000100100
011010010110010101000011111111
011111001010110111011000001100
100110110000001111000001111001
010010111110000010000110111101
101110101011110101011110101000
001111011101110000111001101001
011010011000100010000010000011
001101010001110111101011000111
001001011010011111101010011000
100111010001100100000101011010
111111101100010000101111011111
100111101111100001100111010010
101101001000100101111011100101
