111100111001101101011000101101
000101100000111101110000001111
000001001001010110110101100100
101110000001111101001011010110
101001110010001001000011101101
010101101001111110011100101010
001110011011111100111101011001
100111001011001110001000000011
100010010100100101101101010111
010110111010011110100100000011
000000000111100000011011010001
110101110101011100010001011010
111111011100100110000111111000
001111111001000010100100010001
000001111111111011010100110111
000110111111001101100110110101
010001100001101001000000100011
011011000011100111011000101000
111001110111001011110110111101
000001100111100100001100101110
111001111001110111011101001011
100110001010010001110001010101
000110000010010101011000010010
001010110100100111010100100100
110111001111111110100111101011
110001110001110001001010100111
110011000111011011010111101011
111100100101101011011000111011
011101111101101111100000000011
001111110101010100110011101101
