010001111000000101111001101001
010111111110101011111001011100
111110010011000001110101011010
100100100100000000010011111100
111011000111111111111100001011
010100001010010001001101110001
010110110001011010100110111000
100101010111011010110111111100
110010001101111110001000101100
110110011100010001110100000000
111110111101101110001111101100
011011001001000100010110110111
111010110101110110110011001110
110001110111011100010011111010
111100110000011100101010100110
101111001000000101110111100101
100101101001010101111000100100
000110001011100110101010101001
100011001110110000101111001111
000011001100111010101101110010
000010100011100100001100001101
001001000100111001001110100010
011111001111000001100100110110
000011011111110101001001010010
101010010111100110111110101001
100010001111111010111011110111
010001101001001101000001111111
110111011110000101101110111010
011000111000110110011111011000
010000101011110011011000001100
