111011111001000110110011111001
111111111011101001011010110101
110000110100110011010001010111
010110000111100111001000011100
010101111100100110111011101001
001000100001110011011100010001
111110010100100010010100001010
111111001111110111111110000000
011011100111011000101010110101
011010011101010110011011111001
010010000101101100000011101100
100001110001010110101110111110
001100010111110011100111111101
010101110000111000011010100010
110000000001110101001000110001
000111010001010001001101101110
001101100011111001001001111000
111101001100010011100001100111
111100111011110011111001101010
000000100011010010001001010001
011100011010010010001111000100
000010111011110000101011011001
101010011100101110001000010110
100100010001110001001000100010
111101010011101100010011010100
011011001101001101100010110110
001001011000010000100011100010
101110010001110110001001011111
010110100101011110001010000101
111010101100101010011011100001
