101000010110011011000100100111
010010101000001100000100111101
000110001101101101101011110100
001101011110011000010111110101
000100111010000101111111110001
010011100111100011000100010010
110000111100111011100011001101
100100000100100001000010001011
011001100001111101100011111110
010010011100110011101111001001
100110110110110111000011110101
010100000110100000101000100011
010001101110001110001001011110
111111101100000111000110000101
100100100000000001011110011110
101100100010100010111100111001
101001100000001101110101110010
101000010101110101001011001110
100001010010000100010111110001
100011110100000011100100111100
101100101000011110010001111001
111110101100111100101011110001
111101100101111011111101010111
100111110101111001110010110111
111100101100110000101010000100
000000100110001001101000000010
010000110110100011111110111011
110010101001010001000100011101
011101000011100010101000010110
110011010101001100100011011111
