001000101011111010100111110110
011000000001111111011000011000
100001111000110111100111111000
011111011101100110110101000001
010111010000011110111011111110
110100101001000111001110111110
110111001100001010101111100011
010000000010111101011100101000
111111110011111011010101010111
011111011011011100100001110101
010011011001111010011101011010
011100100100110010111111011100
000001111001011101000000010101
011011100101100011110001110110
110110000101100110100010111011
111100011011011111110110100000
101100011110111100100001111101
001111010111110000001001110000
000010011101000010110011101001
011101111010000101110011000011
010000101001011100100001000111
001111100110111010111111010000
100010111100100110110000000001
001111111001101000100100100011
111110001100110010010010011111
000010011110101011000111001011
001111010001101110000100011011
011001101101011101011010111001
100010111000011000111001010101
001000000010001010010010010000
