100001110010010001110101011101
011111101010100010010101101100
101000011001111101001110001101
110101100101100010110110011101
101111100110000001011111011111
001100011110101101100110000100
011101100111001101011100000101
101011010111111101001000101100
111010001101101100011111101010
101001110001000010010111011000
010101101110010001010010010000
101100111111001000000010010001
001001000111110011100010100101
001100110011111010110100011001
011001101111100110100001110001
011010000010101110100111001101
100101111100010101000001111011
101110000011100111110011011100
100111010001101000001100011110
100010011111010101010010001110
100111001100111000001101111001
011000111011101001100010111001
111100001101100000100010010010
001100100000100101010011000001
011010010000001001110111000000
111011100011111100001110010111
110000101110101000101101010101
001000000111111100011011100000
000010001011110011000010001011
010100100001111000111100100001
