111100110001001001001000011100
001010001100000111010101101011
000100111000100011110110101110
110101000101000000110000000001
001011000001100110101011010010
111110010010111001110011100010
011110001110000010000000001101
110010111100111000001001100110
101101000011101100001111011101
101000001001010011011101000100
101010000100100101111000111001
001000111000000011100001011100
010101000111101100110101001011
011110110110101110100011011000
110010000010001000110011101000
011110010001011111011000101111
000110000000000100000111000101
011001001011110001111110011001
101111110010001111100101000001
001101010001110111011101111101
110100001100100100010101010111
001010110000111110101110111111
100111111111001101001011110000
100110111111111111001011111000
001000111101010001010001100100
110111100100010001001110111111
011001000101100000101010110000
111100110100010101101110101111
011110101000101110101010100010
011000000000011111100000111010
