100101011000100001111111111101
110100111111111111100111010011
011110000011110101111010010000
001110010001100010111101101010
011111100111010000101001001000
101100001011110000011011100110
011100000011110110101110001010
011001011111110011111010001000
101101000101000011000101100010
011101010010001010001000000001
011110101000001100001110101011
001001111100110100100000100101
111000101111110100011000010010
011000101110001100011111101011
110111111010110110001101101101
100001001111001111100011011110
010001001000001000111100001010
000101000100110011011110100110
001000000001000111110110000100
010111010001011100001111001110
111010011100101101101010111101
001010100010100111011010111110
101011001010000100010110111110
011100000011110111101101010111
011000001110100001111011100000
110010001000011011100101100001
011010101011001001000000101010
001111100011001011011111000011
011101100011110111001100011000
010101011100000000101111111111
