101111000100110001000010110010
101011010000100101010010111111
010010111110111010010000000010
011110111110000101101100111011
110100111110011101000000011110
100101011100100000010110101100
000011000101111000010111101011
011001101011111111100101110010
111111000001000011001000101001
010110100111100111110100110000
110011101101000011001100010000
001110111110100001001010000011
111001001100011111000111010101
111000000010110110000001110101
001110100100000001100011010011
100010001101111011010001010111
100110000100010000000111010100
100000010100101010000001000000
101111101111001101011010101010
110010010101011001011001111101
111000101010001111000011010011
100101010001100101110101110100
011110110010000001111101100011
110011010100100101111110100010
101110110010101111110101100011
001010001011100010100101101011
101011010001000111111100101000
011010011001011111110101000101
001000010001110010101110010101
011100111101111100100011011101
