001100110100111011100100100011
110000011101011001011100111110
001100100011001010100001011001
101110100111101010110011010100
100111101001110011010010100011
111010010010101110000000111100
010110000111100110001000100101
011011000011110010011111101100
011100110011011100110010011101
011110001100111000001100010001
111001110010110001011111101001
110101000100001001011100010110
010111100011000001101110101010
010100110010011010010010101100
110011011101000010111101100010
111100111110101110110011011011
100101001001100101111000010001
111011101000100011010100110000
110100001001001100101110000101
100000111010100001000010001000
100110011010001111110000001110
110110100100100110101011100101
110001111110110100000100101001
001101111110001110111111111001
110001010110101001111011111101
000011011101101110000010100100
110001110000101101010111110001
000101010111001111011010000101
111001000101000000010010001011
110011001001100011101101101010
