111100000100110101110001001001
010011111011110101011001000111
010111110011010100001110011100
001011101000010101101111010100
100010000000110010001111011110
111010100000110011101101101010
110010011010010110011110010001
011000100111100011001011011011
101101001011011000110101010010
111010001000100100110000101111
010010111011110000110100001110
000100100100101010101110100010
010111110110000000001101000100
011101000101101100101010001011
101010101001000111111011001110
111100000000001100000001101100
111101110010001000000010000010
101100010101110100110110101011
011100101101010011001011011011
000001100000000010110000110111
000110010110011100000111001110
011111000001111010011111011110
100010101111011010110001000011
001010110101100001001101010101
110010011010011110110110010100
000000100100110110111010110101
101100100100010011000000000001
101000011011100100010001111111
010011100111001000111101001111
110101111001101100100011101100
