101011011011111100100110001111
111111111001000000010110100010
000100111100111100010000110000
100101000000100000100000100110
111111010010000111101011010000
000111100111110111100001101000
110111100011010110001001011010
101010110110110100101000111000
001110111000000000101101100101
101001000000100001001111101100
011101011100100000101110010101
000000100001000000100010100010
101101110111001001111101101001
110100110101010100000010111010
100000110011011010000000100100
100110101000011000000010000010
101101100100110010001000100011
000101011100110101001111010110
101011101010011011111101010001
110001101001101101100000011010
000110101011110001110110011000
111111110011111100000001110110
010110000011101010011001000110
001111110110100111010111111111
011110101101111100001111110000
010000110111001010111100111001
100010101111100110011001001100
111100101010011010010101000111
010100010000110111110001110111
101110010100101101001100100010
