001011011110000101110001101010
111011111101110101100010101011
111001000001100111011000001101
100001100101110010100010000010
110110010110100111110100001101
110100001011001000011110010100
101111101010101010000101010010
001001100111110011001110111101
000110001011010111001001011111
101010010010001011001100110110
100110000101010000010101101101
001100000101100010111111011000
111010100010110001111000000011
000010010110000100011010011000
001000101101110101101010111000
000110011001001001010011011001
010001111011110111101111100111
001001011011000001001010001010
100011011011000111111010001010
001010010001111100101110110000
011011010010011111011000100010
010001000010010000110110101011
000111100011011000100110011000
010001100111101100111110110110
111011110000110110111110110000
111001111110111000010000101000
110001101010001100001010001101
010101101110110001011101010111
110111001101001010000001001100
000111111000010001000100011000
