110110000110100101011111101001
110100101001000101100101001110
111011011110110111111110100011
010111101111000011011110100111
111001101000101010000001100100
001000001101101110100010000000
111000101111110001101101000011
100010000000000100100111010001
001100010011000000010100101001
001111111100101010011110001011
000010101011011101000110001111
111001100010101010011010100001
100111001001011000110100100101
101000110001101011100111111011
001101100101010000011101110110
110111011010110001110000011011
110101001010000111010010111000
100011001110110001111101011000
010010011110011100010010010011
000011100100011110010110011110
100011111111010101111110011100
010101111110111011101011010010
111000011110001101010101000000
010001010100011111110000001001
011011000011110011010100110010
001110001000100000111001010011
000010110111001100001111001111
101100100101001011000100111001
011111010010000001101111000110
100111010111110111001100011110
