111011101000010100101110111110
110010000110000101110011101011
011010110111101000001111101001
101001001011010000110111111110
001100011001111010010001111100
010101010100110101100100111111
010001111000110110111110010100
101000010011111010101000111010
100100000010101010110000011111
100001100111011010101101000010
101001001010101010010101100000
000000000000110001010100110110
110011110011000001101110000001
000010100010001011010011001110
110010011001101000010001110011
000101110110011101000101101111
111100100100101010100111110100
101011111011100010011011000011
011001001010001110101001000110
001000100011100100001010101010
100001011110001011010110101111
000111100101101101010101110110
101100111000110100001011001000
000011110000100101000011001000
011011001000000001010001110010
101111100100111101101001100110
101110101001110100100101011011
110100001000110010111011001001
001001001100011111011001010100
111011011000010100001011111011
