011101001100111001110110000101
000001010000111011101100011101
001101100000100000111000100111
011110001011011110110001011010
000011110100100000011110010000
101011001111100011010011000100
101100000101010100010111010100
101110101100011011001101100110
110111100111001010101010001010
011100000110011000110101111111
101000001100001001000001000010
010000000101100001110110110011
111101001101110001111000100010
101111000110111111011111100101
100000111111000111011111100110
010001110010011110110100100111
001011001010101011111010111110
111101011010100100000011001101
110011100100010001110100100011
100010011101100111010111101100
101110101001100101110100011011
100010011000001110010101011001
111001100001101110110111011001
010001100110100011110100100100
101001011010001101111111000111
011101101001000010001000110001
100101011101000110101001101110
011011011001001000011011111010
000000100101000110111100010110
011000101111101101110111000001
