101110110111100100010111111110
100001000111110001010011000100
110010011010100111110101101000
100010110001101100010001000101
111010101001001001010000010000
110000010011101101111010011100
001101110011011101110110100101
011000100100101010001101111101
011011101011111100110101101001
011110100101111111001100111101
010101001011100111001011011100
111110110011111011001110010001
011000101111110111000011000000
100110000100000011011000101100
110000011000010101100000000110
110111101111000110011010100111
010111001011101111001010100001
100111101110111001000110001101
001111111011111111010011101010
000011101001001010011100100000
111001100111101010000000001100
110111011001010101011010000110
110111111000001011101110110011
110100101010010100100011011100
001100110111010111100011001100
010100011011111110000101101010
101100011100000000111001010000
101100000101111111101010010110
110001011111101100111010110010
000110110101011101100101011000
