001110001011010110010101011001
001110100011011000000011111110
101011011000110011110100100111
101000010110100110100010100110
010010000001001110001010110011
110101001111000110100011011000
111001100110001000100101010001
100011101000011101100010110101
011111111101000110000010110001
011000010010011000010101101000
000101010011000010010010001101
010110010101110010010110110001
110001001110111110010011101111
011010001110011011001100101001
010101010111110110101100111000
001100001110100110100011111001
110110100101100001101101110001
011111001000101001000100010000
101011001111100011111110110101
110111001011101100000111111101
000000011111101110100000011101
100000111010101001100001100111
100100111110110110110000011100
101111101100001000100011000010
000011110010010010101011001110
011101000111111111011010110110
101100001000000100110100101000
010110000011010101101101110000
101010010001000001011101101101
100110000111000111110100001110
