110011110011110110101101001010
110010001111011111011001101100
010111100110111000001111001100
010001110101101111001101000111
110011000001011101100000010010
000100111011011011101110110000
111100101100111001111110011010
100001101011111010110101100001
110010110000110010111100100000
010101001001011001000001111101
110011101101111001111010001110
010101111010011111011001001000
100111001011101001011001000101
000111100100111001100100011111
001100011101010110101000001010
111101000110011110110111101001
111110011001011111010101001001
110000111010101110110010011100
011010010001011110000111011101
010001100000100100111001111011
001111011101100111011110001011
111101100110101001000000101111
010010001000101001111001011110
011100110100111011111000000000
101100010101111000100001011110
110011101011010101011000000010
110000011111010000001101001101
111001110001001100100000010011
000111101111100001110110011010
101101011100111010110110110110
