100101111111101100011110011110
110010010010100010010010110100
001000001000010100010001100010
001111001011111110110110010010
001010000000100010110101110101
101111101001000000001110111011
001010001011011000001000101011
011111110111100011111101100110
001011011101001100111110000100
101000010110011011101010011011
100100011000100011000011100111
010110001101001010110000011010
100011010110101101000001100010
101100111010111100101110000101
100110110110101001000110111100
101110000100101011100100110010
111011000101010101011010110000
010001101110101001100100000011
001101101000010011010010000011
100000110010011110001010011010
000110001110110011101101100100
011110001110010110010111110000
110000011111010101100110111001
000111000010010001111110011000
011010111010001001000110010000
110010000000000101001010000101
110010100100011000101000100001
110010011000110101100110101111
110010110101110100100000001111
101010001101100100000011001100
