100110110001001010010101111011
101001010110111111000101110110
111010101100000011100001010000
100001011000001010011101011101
010011100100100100100000001001
110011110001110101101000000011
011011011100001101111010111011
001001110011000110001010100100
010101111001101101110001110001
001011011011011011001100101100
010011101100011110100100100011
101001100111001100111100100001
111100111101110100111110001010
111111110000111111101010010001
110010110110110100101100110011
110110100111110101111100011100
100100101010000000100001111110
111010011101000110010101111111
101101111011110010010000000111
001011000100010011001011010010
011011001100001101000111111111
001001100110011000000100101111
111100011110111001011100010100
111100000111011000101101010110
100111011101011001001101101101
011010010010100010001101011000
010101010001111101111101010100
111100110100111001111101111100
100010100001000010110110000010
100001110011010101000000000100
