011001111110110011000100110100
000010101011010010001100000110
011110001001100100001010100001
111011110010001011010011101000
000111101011111010100010000100
110010010001010011000101011000
001101011110111100010000101000
110001101000001101111111001000
011100110111010110010110111000
010110001001111110111101100111
000001101010100000111111111100
111100001010011001110001000000
001110000000110100001111011110
101001011011100100100011010000
010100100110010110100010011011
000000001001110011110101011110
101100011010010010001100110000
011100001111000101001001110110
011101111110000000001000011011
100110001011110000111100110101
111011110001001010100011101101
101000101111011111101101001100
000000100111100001000010101100
101100001001010100101111000101
011010001000010010110001001101
101001011001010011111000001000
010011011011111101111100011101
011110011100010011001111010111
110110100111110100001111111100
111010100010001010110100011101
