111100010011011111011101011100
001101011100111011110001110010
111101000110001000101111010111
001010001001111011100000010001
110011001000001110011110101000
101101010101001000000100101001
010100110101101011101000101110
000110001100010010110110101111
011001010000010110011111000001
100100110010011001001010010101
011100010101101010110100100010
010001101100001111111110110001
001111001001110011111010010010
100011010010111100000010111011
111101100001001101001110110001
100100000110100010000010110000
011011100001010101100100100011
101100110111001011111001101010
100110110001010011000010010101
010110101110000110001001100111
001010100100100010011101011010
110100011000100100101100111001
010011111000110001101111001010
101010100011011110001010011111
110110100010100011101101111100
011011001100101011101110000001
010011110011101000111111111110
101110010111100110000001010011
010011111110011111111101101100
011001110011101000101101010100
