101111100010101000111111010010
100100100111110011100101010001
001101000011000101001101010011
001011001101010001100000000011
100000011001100110111011101011
011100100100101111000010010101
000001101101001011101110101100
011010100101101111011111100001
100111101011001111000110000000
111111001111101101001100001100
111111111010011110101101000000
000010011101110111011000000111
100001010111101100000101101110
010111100000001011011101010001
111011000100111100011110100100
001101100010111011111010010111
110001011111010011111010001011
111000001000011010110011001110
110000000000101110001110111100
010101101101101101111100000010
000010111010000011101001101110
001110110110100011110100001001
111010001110100010101001011111
101011000100010110000001010110
001011100000000111011100100010
110110000110010010011100011000
000000110100101110111011110110
010101110101100001110100000000
101000111011100010110011110100
111000011100111101101011011111
