101100011001110001011001001101
111000100100111111011010111100
010010100000100110011101111111
100011001000100100011001100000
001110000101001010111101101011
001011111111100111100000010000
101001010011100100110001111011
011101110010110100011000100101
110111110110011010011100100011
001111010000011101001101010001
011001100110111111001011100011
000100000001000001010000110110
001101000011000011001110000110
111000011010110101111011011100
100100010111011110000001010110
011100001111000001000011011010
001100100111001111111100111011
110011111110101000011010011100
011110001010100110010101111101
101100010000001111100011011100
011011010110001000011100101000
010101000101101011010000100000
000000011000011101010011000110
001101110111001001101010001100
010001001101110000100101001111
111001110110101101011100000000
110000101101010011001110100101
111110010110100000111110101010
001010010110111000101111111101
101001000001000101111101111011
