100101111010101100001100000001
000001100111110110100111011000
001101100110011110011011111010
100101001111100110110001000110
111001110100000001111000000101
111011100010000011101100000001
000000001110001110001011111001
011010001011000010010001111110
011001110100101010001111100100
100011001110100100010101001101
010011100101101011100110111011
101000111010000101101001111011
100011101101100000001101101010
111110110111010001000000110001
100100111000000111110001111010
100011011000111110011100000111
000011001110101000010000110111
110100010011010111010011100101
001110100110101100100010100001
101001010111011001001000000100
100111000110010010011010111000
111111010010010010111111100001
010011110000000011001101101000
011011110011111101101000011001
101101101110110111010101101111
000100000111111011100111001110
111010100011001010000000111100
100011000000001011100111111100
100110101111110100100101101100
101000100000101111010010111000
