001010101100100000001110010111
100110100110110101100110000010
010000111100110011010111001101
001011100011001001000100111010
110110100101111101111011110011
011100100010111111001000000100
110110100110101001001001110111
010011111101001100101111000101
000001110101101011110010110100
011111000110011100110111000000
101101101100111111001011110000
100011011110111101001111001010
011001111011111011110011101110
101100011111110011110111010010
101011100101010111000100101100
110001001100011000000011011100
000100000010001000001100110111
100011010101111001110110010000
010000101010001111001101100001
010010001010100110001100011010
011100011001100101000110101100
101101011010100001100110111101
111001110101101000000011100101
100011100011101001011011111000
000101000011011010110000111100
011010100110110111101001010101
101011110011101111001100001010
100101110101101011010011010101
000101110011001101011011100011
000010101000100011111000001101
