011000101001001100111000010011
011110000110101010100111101010
000110100101101111010011110000
101110111010101001000101101110
100110001010101010110000110110
100101101101001111000000110111
111100001011101001000010101110
000101110000011010100110001011
100100010001100001110111100101
110101101001011000101001101010
010111011000101101000110001111
100111111100101010001110011000
011000100100100110000101011001
011110011110010011100000111101
110101000000000011001110010001
110000001001100101100010100010
010111000001011001010111101110
001011001011000110010101101000
011001111100000011011110111110
111011111011101111010010000011
111100001001000010100010000100
100101000011100101011101110111
000111011101010101101001000010
100010001011000111000111110000
101110001101101000101001100001
101100111010110000000101100000
010010101001101110001101000110
110100110101111110111010100111
010011100001101100110111011010
010101001000101100000101011011
