110101101101011100110010010100
001000000100111001100100001001
101110000001111101111111111010
001110010111000001000101001010
000110010010001101000111110000
111100000110101001101110110011
001000010101101101001110110100
011000100110110011011100000001
001100100011111001111101001001
001101111100000110101110110001
110000001100101111001110010101
111011000111100010011101100100
011011001110110011110010101101
101001100001110111000011010100
110100001001001111110010000000
100101000111110111110101001011
101110010011000101110001101010
110100110100001111001011011101
000101000101001001100000110110
101110000100110111110001101101
011001100111001101101011111010
001011000010111001001100000011
111110010011010000011110111011
110101100011111110010100010000
101101110010101110110110010110
001101011010110111111111001100
100011100111111011100101010010
110101110000110100011001010010
011101000101001110110110100011
111100111110100000010101110010
