101101000101101111001011011000
100000100011101110101010010010
011010011010111111100000011110
111110101101111010100111110011
101011110111100110010011101011
010111100111001010100100000001
100011001101011110000100011110
101001010101000111010001011100
111000010001111010011010011010
110000001001001011001001101001
110101101101101111011000101111
010101001111000100100111110101
001000110111000000100000010011
011101010000111011000111100101
100011011011111000110111001111
100010100001011011011100010110
011100001001100000100111011111
110111100001001000000001011111
101111111001100110101111000000
101000001010000011000011110011
000111111000010011010100111111
110101010110011011011011011101
010000110101010000010010011000
100000011010011011000001010100
101000001000010110001000001110
001011101101111010111001101001
001010011001101100010011010000
100010101011001100011011011100
110101011000011011101100111000
000110111110001111100100100000
