100010010111011110100100010000
100000100000100001100111100000
001000000111010101000000110111
101010100111011000100000011011
100011101101110101010111110000
111110000011011001101000110111
100110011010110010000111010110
111010100110100011001100001110
000101001011111101111010100101
000011011100010011111000100010
110001001010001100000010010100
000001100010110010000111100101
001111111000111011101011111001
010110110010110111101110111011
110010111001111011100101001110
011010011010010001000101000110
111101000011100101101111011011
011000100011111111011101011100
001000100101111100101100100011
010000101000001011011101011110
101010101101001000110000011001
011000010000011011000000010101
010111100101111000111000011001
101011001010000110011010100000
101111000100100000000000001000
000010001000101010000011001101
011001001000011011010101010010
011110100010101001010010110110
101000101101111110010101100001
100111010101101100110011111111
