110110100101011110001110001111
101001011100011011101011010101
001000111100000111110110011111
010101011001001101010011011101
110001101101100000101111001111
001100001010010111111000111011
111101101011110111100000110001
001101110111000010000100100011
110111111010000001110000000110
011110001111100110111100010101
110000111000011111011000000101
001100100001001000001000100110
000111001110110111100101011100
111010000100000000100110100001
011100001001001011101110100001
100101101111110000010100100001
001100100101011110101011100111
111101101111000101101001110110
011101010010101001010111001100
101001010010011010100001001111
001101011111101010110010010001
110110101111111111011011001101
110000110100010110000111111110
100101001001111111011001001101
000101111100111010110010001000
000011101001010001001110100000
101001110100011100010111000100
101001000000111001010010011110
101001011100011101001111111011
001100010010111010001111010100
