011000011011001111110000001111
100110010111101001011000010010
011100010111011100101111010101
101000101001101110000110110101
011011010101001000100011101010
101011011000100011110110101110
011111110111110011010111101110
101101010000010010000011100010
100001010010111111110000010110
101100010110110011001011110010
101011011010110101011101100000
111101001111010111100000000111
100000011110000000001001010101
111111010101111111101100101001
010111100100111000101011000010
011001101111100001010110001000
010111000100100100101010001111
010100011100001000100010000010
001010011000000000100110110110
111011100010110011101100101001
000111001111000000010100001110
010001000110110001000101101101
100101011111110001010110001111
111011101110111000101101001011
011101001000110011000011010010
101111001000001000001100100010
110010011001010111101000100110
001010011101000111110110001110
000110100111111100001000110000
110110100000010010010111011000
