001000101101100111000011011010
010111100001001001111001011000
001001101111101011100101111001
011001100100100110001010101010
100001110100010000001101001111
011000011101000011011001001110
101100011000110100000101101010
000011010000111011001011101110
000110100111100011111110001100
011000100100011010100000111111
111101111111011111101101010101
101010111001101101000000100111
110001000111111100000111111110
001100100101010101100011000101
100101011001001111101001100111
011111001101001011110101010100
111111101000111100011100000101
001110010101001000110110010110
111100101100000111001000010010
000010000011110111100110000101
100010101101100110000000011010
011000111001111001000111001100
011111011110101111110111000100
010101111110011011011111001011
100001010100110100111000011010
011010011111000110001100101111
101011011111100101010010000001
011001110100101001101101001101
010011001111110010110001100110
001110010111101010010101110000
