000100101110001010100000101100
001111011101011001001011001000
000101000100100001001101111111
011100011000001001001000100110
011000000001000111110101010100
110010110010101101111100010100
100011001111011011111000000111
111000110111001110111001101010
000110010111010100010000101001
000101101011110011010110000111
010111101011010110011000100100
100100111011101000001110110101
010001100111111011010001011010
100011000010001101111011110010
011111110100000110000000010011
011011100111110101110001011111
110101000000111011101011000010
000110010001010101110111100000
001100111001011111001110111110
011110110110111100001100001101
100001000110111110011000111011
010000011001110110100001110110
001110110110010100111111111011
000011010000101010010111110011
110100100101111001101110010001
101000011110000011100100000000
101000000100101000011010010010
000111000000010110011010010110
100010110111111011111010111010
111001001110011101001110111100
