101100101110110110111101111101
011110101100101101010110011011
101010101001100100000101110110
010100110100110100001000011110
010010011111111111001010110011
010001010111100011101011100101
011110110101000011001010101101
001100101111100011100000010100
101001110111101101101101001000
100010001111111110100110011010
000110010011101010000111100011
100001011101001100100010001100
000011001110000100101110001101
100111101110000100101011101001
001000000100100111110001101011
010100000001101111101110010000
011101111010100010111011011011
011000101101001011111000001000
001101001001010100100100100000
001010101111111110011000110111
001100100100000011111110010111
111000011000000011011101111110
111111110101000101110000100111
011101010111100001111000000000
111010100010100000000001011110
111100011010001100111100001011
111010011000100011110000110011
111110111001100011011011000010
100010111000010100010111110000
001010000111000010011011001010
