001010000110011101001101100011
100111001011010111000010001110
000001000111110110011111011110
010101111010111111100010000110
000011100010010001100101011010
001110001101000001010001100010
110111111010000110010110001011
100001101101001000010110000100
010011110110100101000111000100
001010001110111001100011111000
011100010111011000110010100100
000011000111111111110001001110
100000001011111110001010000010
000111001100001011110001111100
110100000100111000111100100001
111011101111110100101111001101
111001000001010110110100001100
010100000100010111000110101010
100001011111111111101111011101
001100101101100000110011100101
010001001001010101010001100111
000001010100011100011101100001
101110110100111100101000111110
010111101101110100111111110110
010011001110110011011100111101
010100100000010011111100011001
110100000000010111111000101110
101011100001001000110100101110
101001010101001011010010000010
100000110111111001100000011111
