011001100110000110111010110100
010000111010011001110000000001
110011100101011110000100101011
100111101000000100111001010010
011001000010111111100101111001
010011001010110011101000010001
110001101011100001100001100010
000010011111110100001001110110
101111000110011101101011100010
100011100010000011111100111101
111011101100010000010000111001
110110110100000001000110100000
001111011011011110000100111111
101100001101010100011111101100
110101100011111111010110001010
101010110010011001110001001111
001001010100100110001101100111
000011111101001100110101011100
101101000100111000001011010101
001110101111010000011001100000
110011001000100101001101110011
011001010101000111010001101100
111110111001001101010010010100
010111011010001000101001101100
100011100111110111011111000000
101110111011100111100001010011
011001101110100001100110100010
101001110010010011111000110111
111111101001101100011011101010
011100000011001101000010010101
