110110100110001110101011101100
100000001111101001100000101111
111111000010000001010011000110
111111011101000010011101011101
101101101010010000110111101110
010110111010110110100100010010
110000100001100110111111000111
100010111001111010101111000100
011111011000011001110111101000
101001011110110111010000001001
100001111100101110100110011000
100010001100101001011011100100
001101011000110010000100011010
010101011111001010010001100000
101101101101100101001000001011
011001010100110010011011001101
101111110000101010110111010001
100001001010100111110111100001
001110011000101001111001011110
111010000110100001011001100011
000110101100110011000011001001
110100001101000010111011110110
000100111011110011000101111100
110000110110010001001100101011
001000111110111110010110010100
100001010101111101000011110001
110111001101101000000101100100
010011101101111001100100110111
100101110100110101110110001100
100000101100001001001101110101
