111011010101001101000111011110
101100111101100101101000110100
110110010110000010011001010110
000111110001100111110011111000
001111110010000010000110111001
011100000001010101110010110100
101111000100000010011000101010
010100110001001101011100100111
001110011011111101001110100110
011001000100101100011001001110
000001000011110001000101000010
001011010110010011011110001011
011101001101010111011101001111
110000001100110010001010010101
000110001100000110110111001011
100011010100011010010110011011
100001010110110111111110111011
100000011000010000011000110101
011111101110010000001011001000
001111000100000111110001001100
000000100001110110001101001011
011000000001000000000110111100
000101110011100000000100111110
110100000011100001110100011111
010100100001100100110101101101
110000110011010110100111001001
111100111000000100010110000110
010110101101111011101111001000
011011001011001111100111100110
111010001010100000101101011001
