111100000110011001001110100101
011001110111110000100000100001
000010011110110000001101101011
010111010110001010011101110000
000101100010001000001100100000
000001000001010110011110001101
100010000000010000101101111010
111001010101000010000011110100
010110000001110111110010000100
010100101010010110100111110001
011001011000010101001100100110
111111100100011111011100101001
011011111010111110100011110101
001110100010111000100010011111
001000101000100111111011111100
111011110101010000000111101111
110011111110110111111000001101
000101000101111010110100001111
101001011111001101111101010110
101001101000001001011011111110
101111011100001100000101111101
000110011110010011001101011010
001100111111011111010111011010
000010001000100000110001111101
111000011011001011101111001001
010001110100000001011101000100
010001101000010100010010110100
100111010100001010111001110010
011100101011101011011010101101
110101001100011110001110011110
