111100111010010010111111101110
100010111010011110110111101011
111100110100000010010011111001
001100100010101011011011001101
100001000110110101101110010011
100011110100000111000100111111
101101011001100000011000100010
110100010100000101110001000011
001000011110111111011011101101
101100111011111101011100011001
100111000010001111000101001010
000111111110110011011000011111
000011101000010111010000000000
010001010111101001101110100011
111001100111010011101100111101
000100101000011111011101100110
010000001011001101000010001010
101111111011110001010010011100
010111101000100010000101011000
111110011001000111101000111000
000010111001110101110011110011
010111001101110111111101000111
001110101000001101111110001010
000100001001111001011100111111
010110001101000111010000111000
001011111111110001100110000111
011101101011111110110010111011
110100110000011000001011100010
100001101111101111010100001011
111101111011001001010111111000
