000001001000101101110011101101
110001100101100111110101111101
010010011110000101110100000010
100010101000110110101011110101
000010110011101110110011110111
000010111101110100110011010010
111011101000001011101101000110
111010010000011100001110111101
101101010110001011111000111110
110111011000110011100101001110
010101010001111111001000010101
001111001010001011111001101010
011011000001101110101100011100
000101011001100001000000100100
110110101100001111100100000001
111100101000000000111011100110
100111010111100101111010110011
111010010111001100011010100001
010101000110111011101110011010
110110100011000000011111011001
110101001001010111000011111000
111111010010101000110100101101
101011011100100001111111111011
010100001000100110100000110011
001111010011010011101101101010
111100110010110001011110110101
001000100110111011011000100100
011000100000010110111111111011
011100100110100000111011111101
100000011100000000111001010100
