111101111111100110000111000100
101110011000101100100101111001
001001110000110110101000101010
101001001111000010101010111100
100000001100111110001110101011
101111110011100111100100100100
000000110100011100010001111000
110100111010111100011101101001
000010110111001110010000011001
110010001010000000100010100010
101011101100010001010010100110
100000100100111000111011101011
101110101111110011000011111110
010110111000011000010011011101
111011110100011100100010110011
110011100011010000000111111100
100101110010101000100100001100
101010010001110011100100111010
001000111110110110110000011101
110010011111110001101011011100
101101010111000110101101010000
100110101011001011011101011110
111110111000011111101000001011
000010010010111000110110010011
110011001011101100111101100100
110000010000010010010001010011
111001010011011001100111011011
001100010001000100100011100011
101110100100010010010000111111
011000000001011001110011011101
