110100101000110110001111001111
100110110010010010110110010000
000000110001100110011111000100
110110101000010110110010111111
010000111000011010011010100110
111000111010100010111111000110
010101100011001000011010001001
011000010010110111011001100001
000111110011111110111011001001
011101010100011110001110000010
111000110011110110100100010111
111111010110110010001101101111
000111111000101101101100001101
001000010001011110110000000101
101011101010101100101101100111
000111011100111111011010001111
101011110111100010010100011010
011100101101111111010000111100
011101000000010111111111110101
011011100110011011111001100010
001110101110110100011111111011
110011001011100001100110010010
001100100101101110010000111000
001001111101000001111110111000
101111100000001001000110101101
010010101000011011000000111000
110110000010100100111001100110
001111110110010010001000011001
010101100011000111111010010010
000010111010011011001100011011
