101001110111010101010011000011
101010010010100101100110000111
101110001011010010000101010011
010111001011110100011010111010
001100110101100000111111101110
111110010100100011100011110000
101101110010010110111000100011
001110001100100110100100000111
101000001111101010000010110000
010001001001010111110100000000
001000100101000111101111111100
010111110011000110010101000101
010000101000010000110011100101
100100000110100110000111111100
010001011101110101110011111100
110100010100110010001110100011
111011000110011001011101000001
111101110111010110010110101111
110111000000011100110101001011
110101001010000111110111011011
101111011010110000010000111010
100111010001111010110010011110
110100011100001110111001111101
110000011111010001110011110101
001111001111111111010111100000
110110111001100001110011000010
001000111111111001110000110001
000100111100000101011110011001
100000110101011011110100110000
010111111110010111000111110111
