001010100110001001110011110011
101010111001011001101101010010
011110001000101011001110010011
010001100000111011011111001000
010101111000101111001111111110
101100101010011111011011110110
110110101101000010011110101000
001110000000000010110000010111
101100011011001001100001000111
100010110010011010110111011110
110010111101111000111011000000
110010110111111001000001110001
111010110001001000001100110011
101101000111011110101010011000
101100101010100001110000110100
000110011010001011000011011101
000011011110111011001001010001
101110101111001011010001010100
000100000101111100111110000101
111010110110111010111111111111
011111100100111100001110100011
110100000111000001101100010100
010101000011101111000101011000
100110100010111011111011101111
000100011100111110110010000011
101001100101101110111100011001
111111100010010000001110100010
101110101010010111011011110111
000001001100000110001110110111
011010110100000101011000100101
