100101011101101101010001110100
011001011000110111100001110110
110100110010001110110110111010
111001110011010001001000100111
011010011110101100001101111000
000010000110001100101000100110
011100001000111001010101000110
110000010001101100001001110010
011100101100111001100001001101
001110110110100010110101100011
110001100010101001011010011010
101111100001111010011100110001
100110111111010110111011011111
000011101101110110011011110001
010011011001010101111111010111
101101111100011110001100011111
111110101001011000001111110011
111010010100010100100100110010
010001100111000011001100110101
010110001100100110010001000110
100110111011110010011000000111
001010111100101100101110101000
011101100100000010110001011100
001011100101001000010000111000
100001101011100100011000000111
011011000011110110111100100010
001101011011111011011111000111
001100000000111111000011011110
010101100001100100011011101000
101011000010011001001011011111
