010100011001000001011000100000
100001111100010001101110001010
010000000000010100001001011101
110010000110001011100010101010
110111111101110010010100011110
011100100010000000011011010111
000000000100011011110001010110
100000000111001100100001001111
110011101011001001101110100110
101000100010111110100111111000
100010111100110011101100001101
111111000110001010011101100110
000111100110010011101001101000
110101001111001101101001001010
010101111001100101100111001100
001101111011101110010101110110
000010100111011110000010001111
000001111001110111110101110011
100111000000010010011010111111
010110001010100110110010001010
100011000100001011000110011000
011101111110000100111101010000
000010111010000010001111101101
000101110111011000100001001000
110110101011001111100110100000
000100000001100011000111111011
001101000011101111100111101110
111111101101000011000110001100
110000111100011100101011101100
101111100101011000110011110111
