001000010101111001110101000110
000011011011001000111011001010
100110110101010011101011000011
001010101001111101101111011010
001000010001000100110100111110
010110100100100111010010100010
001011010100010100001101011111
010011011100101111111111111011
110010111100010011011001001101
001010111001011000001011100010
101011101011101101010111001111
011111001010010111011010110110
000110000001010011101100011010
010110001100001111110101111011
100000001101101111010101101010
001011000100111010100001100100
100110011100101011100111010001
011010000001001100000110111001
010011001111010000000110001100
101100110100110110001111011101
100100111011111110011001100110
110111010110111110111110101011
101111100000001011001001000110
011111000011111101110111001100
110010100011011110010111001101
100010000010111011001000110101
001101001101101011000010101011
101010001101010100100010100101
011000100111111011101101001111
010001010010010011011111001000
