100100001011010111000000001100
010110001000010101000111010100
001001111010010101011101100000
011111110101110000110100111010
111110110000111001000100100001
001101010001111110110011011110
000001100010101000010000100011
010011101110010001000010101011
100011011000110111001111100110
001111100110010011110000100010
000101011101110010101000101110
100110011010010010001000011101
000011100000101100100110111111
111000001011111001111100000111
011110011101111111111001001010
111001100000100010000010011100
010111000010100101001101111111
010011000000100101010011101010
101010111011110100110110100010
011100010111101101110010100000
110101101100011000101000110110
110111100101100011000011000001
110111101010011011010011110010
101111000000010010110001111001
111110000100001010101001001000
110100101010001001110000011100
001010101010010101100100111110
100010101101010111000101111011
110101100011000010111110111110
111000011011100110101001010100
