101000011011011011111111000000
001111100100010000001011110111
101001010100101011100000111011
011000101101001001011101111001
110111110011100110011010000101
010111010011100001110101000100
101110111001101011001110101110
010011000001110001010100100111
111001110101010101011100110111
011010011011001100111001110001
001001100100111110000001111000
001001011011000100111000101110
001110110011011101000110011001
110101011111111011111110111000
011101000100001011010001011001
000000111111010110001100000101
100000001110111001011000001011
100101110110011000000111110000
001010011010011001100110111110
011010101001010100101111010110
100110010011010000001010001010
110100011111100110111001000001
100110110111010101111010100000
110011011000001010100011001111
111001111000000101001001001001
000101000100100001000111101011
011111011111101101011110000000
000100010001101010101000011111
111001100001101010010001101011
001011111110000111110111111110
