110001011011001001101010011011
100111000011110010110000010111
111110110011011000010011011101
011100001011000101101011010010
100100101001011000101010101001
000101101110101010111110111001
001000011101110100101100000011
111110110001011000111111001111
111000101001100010101111111010
000110010000101011000100110110
110100100010000100011001011011
110101100110111101100110101011
010011111011110001100101111101
000011100101100001011000001111
111001100011100011011110110010
110010100110110011110010000010
000101110101010000010001000011
101011110000110111001011111010
111100010111111110110011001100
001011010100001100100100000010
001100110111111100110101110100
110000111111110001111110100000
000110110001010000011111110100
001101000100010111101110101011
111000001100111001111100011011
110111101110100101010000100010
000001001111110000000111111000
001000001011010001000000010111
011011101111011010110111001101
100101100010101001101100111010
