110101101011110010101111010000
101100011011110111010100010111
110000010000010111010101010001
010001010110001010111001100000
100001010111101101100110111000
100001011111100110111101011110
011001110111111001101010000010
100101100011011010011110011111
100101100110101111100010110101
110010001000100011101110010111
111010101110100100001101101000
001111001000101000010101110111
111000010101000001101110010001
000111100010110000100111011010
011100110111011110011111011000
001010010001100000101101111111
010110101000110001110110001101
000101001111011110010011001100
110111000000100110110011110010
000110110001101101110011100101
100111000010011100000001000001
101110110011000001010110111101
111010110110101011000000100000
010010110010101010011101110001
100000100010001101100000011101
010100011000100111111110010011
100111110011101101001011100010
001001010000110000101111101010
000100011100111011001010011110
001000001101111001001100000110
