001101010110010000100000111111
010010011011011000100001110010
011110100010111010000000000011
100001101101001111010011100000
110010001000011101100011011111
110001111110110001111000011100
110000010111110001110000110000
100110011010011001010110110110
010011110110011110111010111001
010101011101010111001001110001
000000100101100111101001001000
101010111000001111010000100001
000100011101100000010001100100
100100111110010011100101111100
011100110101110111000110011010
001011110101111111100011001001
000010101111001010001010010010
110010100100011001110010111111
001111110001010100000101101111
011101111110111111100100100011
111101111010000001001101000100
100001001001000110011011101100
001101001101100100110110101001
110111100110101001100110100110
111000001100001010011010001001
001110100110001000010101010001
110011101001110110101101111101
110010011011101010011110101100
110101011101011010101000000110
111011000000100110111011101011
