100011000110111010000010011010
110110101010001011001101000101
010110011100011000010101011101
001111010111111010101101100010
010011001000000010011111010111
110011010111000001110101001101
100110111001001110000000100011
100110111010111011010111010011
000000100000010101101110010101
000000011000001101010111110110
110101110110011111010101010010
001111000110001111111001111100
011100011000110101000011000011
101111000000010011110010000011
000111010001111001011100001111
110101110100010111111111000101
110110100111101001101000010001
001110111100110110011010100000
111111001010100101110110101010
100011100000000100000111001000
101001100110110000111001110001
110010110100111000001110011001
000011010111110010100010100100
000100111010111100101110111101
010101001110010111101011010110
011100000110100101110100000010
110001011111011000000000111100
010110011111001100010101011011
010111000000100110011001011001
000001011011001010011010111001
