010110011010111001110000100101
111111111010011101011111000111
001011111011011011000010111100
011111101010111101010001110011
101010100110111110101010100010
101010011010000000110000101111
011101100101000010000101001111
101100011000011110100000111111
111000100100101001000100001110
100111100110100111110010001001
101100000000001010011110100100
011100100010101101010110001001
000001110111000011100111011111
110010101000100101110010101100
110010110001011101010010001000
111101001101010111000011011100
000111111111000100110001001010
011000110011001110111000110101
011100011110101001101001010100
010100010011010011011100100100
001001111110000100100000111001
110110110110001110011001000111
111000001111111001001011011011
001000011001000111001000010000
110001011000000001101000110011
101011100111001010101111010110
001101010110111111011010001100
110010101111101011011011100001
010101110111011110100101000001
011101111011000110001110111001
