110100001100011001111100011011
100110101010011100010001100001
111000110010110101011011110111
101000101011000000111001111000
101100101101000000010011010000
110100111011001111110001011011
001110010110110101000000101011
010011011001010110011011000100
100010010001000101100010100111
100110011010010001000111010110
001111010100001110111000100011
101101101011110101000001011111
100100010111010111111000011101
011110010001010101010100010100
001001011011001001101011100011
010101010100101101010010010110
011011000011100101101111011110
101001011101101000100010110101
001001000101011110101011101110
001111101100011101010011010001
000010001000110001011100010111
110101011000111110010101000010
010001110111100000011101101100
110001011101100110010111110111
101110001010010000100111101111
110100111011000000110111000101
011000110100000110100001110111
001110101100001101101001001001
000111110001000101101110101011
001000101110110101101010101011
