110110000110010110011001100010
000001010000001011100110100001
111110101011111110110001110101
001100010111001011001001011011
001010101010010000001111010100
111010011100001010001111111001
000001000011100011001001101000
111101010101111001110111110111
110001101111100000000101110111
101100011011001100111010001100
000001000001001101010110011111
010000111101100010000101010100
010101101110001010011111001001
010100001010101001010010000110
100010000111011011101101001101
001100000000101101011001111010
010000110001111000110101010101
101100010001010000010001110010
101100101101001101101100111010
010110111110111111101000111111
000010100000100110011100110110
100110101100110001110101110001
011001000010000001000010010001
001001101100010000000100111100
001011100001100111010100000011
000011000011000110011101111111
101110100011000000101011001100
100011101000010100110001111110
110010100010100110010011111010
111010110011111011100000001100
