001000001111001000100110110100
101000001000100101011000010101
001000111001101011110010101111
110101110011111101101110111001
111111001000001111101011010001
000010001000100110101010101111
110111010010011011001100100101
010011010010110111101010101000
001100101001101110011011100111
000000110001110101110011101011
110011100000101111010111010000
010110111100100011001111001001
001000100000011101100111111011
111001001011110101010001010000
101111010010010010100100001000
111110111100001000101110111010
111000000100010110001101000101
010111000000110100100110100000
111100101111100100100000011111
011111101001111001110000001000
100010000010110101010111001101
001110111100010011011101000101
111101001000011011101001110011
100001011100111000011100111001
110110101110101101000010110101
111010101001111111000110101011
011101100010010000101001010010
111111010111110011100111001000
100001110010011001000101011111
101110101111001100001010110000
