111010101000000010001111100111
000111111111110010010100001101
101101101110100100000111110000
000111110000001011000110110010
101000001001111000001100101011
000001100010111111001101000110
010000101110101110110100111011
111111100101100001010100001111
011001000011101011111010000101
101011111001011100111111100010
101001111110000001010010110110
010010111110011100011010101101
011111000111010110101000000101
101011000100110100101011010010
010011110110100010110010011110
011111000111101100101001010111
100011011000010110101100101100
010111111010110110100110111001
110011001110110000000001101000
011011001010010001010111101001
100010011100001000011010011011
010000011001101011100001010111
001101011010100011101001001010
110001111110111010011111000000
011010110111110001101101010101
000010111110110011111110100101
110001011001001100000011011101
011101100100101001000111110000
011010010110110100010010011101
000100010110001001100000110011
