010101000001101000010111110001
001010011100000001010100010001
001010010110111010110000111000
010111001000001111101011000111
101100011101100001001110000001
011000010111010000111001000111
001110110000111000011010011000
001010101101100001101110010001
001111001111011111110101100011
001011101110110111010111100110
011101000011011100110111111110
110111000111011100011101000001
000101111011110110111111111000
001010100001001110000110001101
011110111000101110111010101110
011110010010110111000111000110
100111010010110111110110011000
111000011010010111010001000101
100110001000011111101000000010
000110010010110110111001000110
100000110011011101111010101001
101011011111111001101011100011
000111011101101010000000101000
110010100110101110011010001111
001010001110111111101001011110
000010001001001100001001101001
100011000100000011001100011111
111100100110101100011101011110
101100101110011010001100111111
110010001011101001101010001110
