101010110100101100011101000010
111101101101000000010110001001
010110110011101010101101110111
111111111000010101100001011100
101101000010010110101111000000
111001110010000110101010001001
001110000000111110001101010001
110000101110101100010101000001
010101101101001001001010110000
010000011011010000101000101001
010001111011000101010001010000
111100011110011101111011000100
011000011000100100110000010101
101001011101000110010101000010
011110001100101111011001010010
010000110010110000001000000000
000101011000000100111100101010
110010111001101001010100011010
110001111111110010000111101111
101110010111100010100101001011
000111001101001010011111100110
010010011010111011010111011011
000010001100000101100000100101
100000000010111011101100111011
000111110010111110100111111111
110111101100001010110000011010
000110111011010001100000000000
000010111011011010110100110100
000011110000111010000011000001
010101011011100000010110100001
