011100111000011000011100101000
111111101010100010000100101110
111101101010000001010011101000
000100000101101010011100001111
000000110001010010111101101010
111101100110110100100001100001
011111010011010100000010001110
000000111011100000000110110111
111101111000111100011000111101
101011100111000111111000011101
111011011111101010110010101111
011110011101111100101110100011
010110110110100000011110001100
010111011111110001101000010100
000001100111001111101110101100
001000001001110110000001111111
100011101011001111101000110111
110011001000000000111101001101
100010101101000001100001001110
001101011000010110111000100111
011111101011110010100101001100
101010101000010100011001001010
111000001001010111111010110101
110000101000110110110010111000
001001000111000111111101110000
101011111100011011100111100011
111011001001100111000101100000
110001000011100010101111101101
011110001100100001001001110101
110100010101101100000000000100
