001110111100011000100001111111
010011011101001101011010001100
110110100011101110100010100011
100100011110010100011000001000
111001111100111000001011000010
001001110010100100111100101111
001000100111101001011110110001
101110001101011101111111110110
011001101101000101000011101000
100101001101111000101000011111
101011000011101110111110101011
010001010011000011001100101101
010011010111100111111111011100
001110111111110100010111001101
010110100011101011010101010100
100000000100110100001011000110
111011011000101101100001001010
011100101000100110000100111111
000110000100000000101011011011
101000011001110111100010110101
010101010101010101010111011100
110100010101000100011111010001
011111011111000100101101001010
010001110000010010101110101111
000011000111000110001100001101
010111011101010111100110000010
000000011100100101111100100001
110010110000100010110001001010
000001100011001100110001101110
101100011100101100010011010011
