101101100011100000100101011001
101001100010110111011110000001
011010011110101111001101101000
111100111011111001111111100110
111011111111011111100110101011
010110010110010100101110010010
011101000100011101110100000000
111011100100010010010110010111
011010101110110000000000111001
010101110010111100101111010011
100111110110010100011110111101
011001011001110001110110101000
111111000100011101011000001010
111111011101100010101011001101
100000100100101101011101000001
100111111110101110110101111001
101001100100001111111101101110
100011011001000101011111010110
110011110110000011111101001101
111000100001001111110110010000
101101110001010011101011010000
001011100111010101101000011111
000000010110001010111100001110
111001010001110100001011110001
110111111000010011000000110101
101100101110100111000111010010
001101011011110001000110000110
010101100110011110111101010100
010111011010010100110011111111
001100010011000000011010000011
