111010101101010111110010101000
011000100111110001101001111110
000111000101100010010011101011
001110010010100001010111001111
111011110111111011100010100010
011111110001100010101001100110
111011100111101101011000001110
101000010000110001111100101100
100110011011000001011011010100
011101011110110111100101101010
110001111100011010110110000000
000000011111011101000111110111
110111011100011001000001011010
101000000001000011000011111110
111111001110101100011010000110
010010010101111110110010001100
111100001100100001001110000011
100100010100001100110101110010
101011111101010101101010101110
010011110010110011000111101111
110110100010100001010101010100
011110001011011011010011100111
001000101011111110001010101010
001110101110111001010000110111
100000110000101010100000000001
110011110111100001111011001110
110011010100010011111100010110
011001001110101110010011010011
111010011100011011000111111000
111100111101010001100101100101
