100100001110101101001110010000
010000010110001011000110110001
000000111110100010100001100100
011101001101101110100110110100
011100110001010001110011000011
001010001111100111001000100111
011110100010001001011000001111
100010101010011110100010001011
100110111111100100001010110010
011101101001111100011110100011
111011001100111110101000011001
001110100110010010100101101111
111100100001011111001011011010
001100010111110010101000111100
111001110111001011001100010011
001101101100100100010010001100
011001010000010011101110001110
111110100111101001101000010011
010111000101000011001000101001
001010010110000111010001010011
010001011010100010110100010001
111000101001010000000101111100
001100111011000000010000101011
001100110100100101111011011001
011000110101110000010001111111
101110100100011010010111100010
111010011010010001010010000001
001011111001000111101010110100
010000000011000001011110010101
010010000110001111011100101010
