000000101101111010010011010011
001010111111011011101100101000
000011010101011110110100001011
100010110000010111011000101111
010111011010100101011010000110
010001100011000011110100001100
110111101111011000100001000100
001100011110001111111101011011
101011100011010101001111100001
110100110001011111101000111100
101111001110110110011000111000
101000100101011101101110101001
101001011100011110010000011011
011001111011000110111111001000
000111101001000010001100100011
101100010000011010111101111000
001011110100010000100010010000
010111100100000001101111101101
101000011110000000110110010010
101011011010011010111111000100
011111011110010110000011011011
000111100000011101110001111100
111100100100111110101110000110
011100011110000010001110001011
011010011100001011110010011101
110000011111010100011100010010
011001101011101000111001000101
111000111101000010010011010110
001101010101111000100011000001
010011110011010011000111100101
