001001100110111000101010001110
110011011111110111100100000011
000011001111100010011000011110
101011100011011100101110101001
001011011001000001011101101111
001001000110110110111111101000
001111111010011010001100110010
011001011011111000101011000000
010000010110101101000101011001
010010000111001001100100101011
001110111010001100000100001101
101110100101010101101000011001
000011100110011110111100011110
001101001111001101010111001100
001110100100000101000101101001
010010000010110001110100100001
010000010000101011000000100001
010001101001010001010111001101
000011001000011111001000101011
100010110001001101100011101001
000100000010010100111011111110
101100101111101010101110001110
101011111000000010110010110011
000101010100010010000111111110
100101110111011101100111110000
000001111101001001111010000111
100010010001011101010100111101
010100110010000001110001101100
000000110101101001100000000110
010011010100110011100000010101
