111011011110011111010110010011
010100111000000110010101110110
001011010011101011100100001111
101010011111100101110101001010
000110100011100000010100001101
010100101000101001101001011110
101000110101000100000010010011
111101101001000011010010010011
111001101001000111000111110001
010010000000000101000011010110
000110110101101110101111111100
100110001000001001000111001011
100000100111111000111110000001
110110010011111000100101010001
011110010000100100010111110101
000111001011000110110110101110
001110110011000011110111101111
001100110011110010101100010100
000111011011110011010000001111
001111001000100010111000100011
110011110010110011101110100101
111011001100110110011110101100
011110010000011110000100110011
111011001001111011000000101100
000000000000101100101110001001
000011101001011001100111100010
111100110100000000001111000011
000101000000001100010000001100
000000001010001100010001111111
000101101100000010010101011001
