110111100011110010001110100101
010111001100110111001111110000
000000010010000010000011001000
001000101101111001010111001010
010000001111111011111100101000
111001110001100000011110111001
001010001101110110010000101100
100101011111010111111101101111
111101110000111011100111011100
000000011101000100100100100101
111011001111011001010001101110
101000000000111100001100001110
110111110111001010010110011100
111000010000100110010001011001
111001000011010100101000101101
010010100000100101110101000100
011000010011111111010011011010
100011011101100001111101101010
111110111101111011101010110110
101001001101001001111001101100
101111110000110011011110111001
111010010100001000100110111000
010110111101110001000010110100
101000111110110011101101011101
100101110001011101010111110101
011001000110001010011100100110
110001001010101011000000000010
101100110110100100100010011001
110000000100001000111110001101
010101100110110011011001101111
