010001110011011100110101010101
001111000111000011000001111100
011010010001110100111001001110
111001000111000001111100001011
011110010000111000011011100011
100010101100011010110011011110
000100011000011010010110000100
011011000001000001110001011001
101110111101111110010110000100
110001100011110101000100101010
100011001010101101010100010000
010001011101011110110001111111
000111010000011000101111011010
001000001111010011011011111100
101000111110101110000101000111
110001100011011101010101111011
000001101110111111000100011111
100100011111011110001110101111
111111011100001011110011110100
010010101010000110111100100111
111000001011111001000000010010
110110111011110111110110110001
011100010101101100010110010011
110111011111011100010011110011
011110011110101100011110111011
101110011100010111110101111101
101011100010010110000111010011
011111101111000110100101101011
001110111001110110100110001111
000001000100010100011110101010
