101011110111010010111000000001
110111110000001000111011010110
001010110110110100000111111100
010010000001010000010010110010
111100100011011001010110000010
001110111010000011101010100011
110001001110010111100001010011
111001011011001000100111001100
001100001001111100010101011010
001110001100001101001111010100
111011000100001101010100010111
101000101111000011001110001111
010100111111111101110000001000
010011011101001001011001000011
000100111010100101111000001011
001111001100011111110001010111
001101100000000101111011010000
000001111010111101011011000001
001001011111110010000110100001
010001101001111000110101111010
111110000010100110000010010100
101011100011010010011101100110
001111100011011000011010010000
110110011111000111100001000111
000010011011001011100110001001
000001011011001010100110101101
110001111100001110101111010100
000000100011010001100100110011
000010011001000110011110111000
111000010101111101110001100001
