111000000110111100100101100101
111010000010011110001001101110
100001101010110000011110001101
110001011110011100001100010001
010110111001101101101010011101
000000010011011001100100111001
011001001111001000111111101111
000100110011101011001011101111
110001100111010010000100001111
100110101101010011001100010010
101110101100101111010000011001
001011000111000111101010011010
111001100000011111011011100000
000100110110001010100001011111
111111011110100010101111000101
101100111100001010010100010000
100111100010111110011010010110
100001001110001010010010101001
000010111011101100000010100011
011110011100011011000001010010
110010001100001110101000110010
000010000111011000100011000001
100000110001011111110011000000
010110100001011000011011011110
101101101011111110010110100001
111011100001100001010011000101
101000110001010101010111111101
010010101000010001100111110000
110001010000000000010011001010
100001101101000000110001111110
