001110111011010111000001100011
000110110000010010001100011100
101000001001111111011010011110
011011000110110110110010001100
000000100000001010000000010101
011011000001100100010111001111
101000000011011011000000101111
111101010101011000101101111111
110001100100001011011100000110
011101010111110011011111000111
011000000110010001101000011011
001100100000110010101101111100
100001111101010110001001011010
001100110101000101100111110110
100001100001101110111110000100
101101000000001111001100110101
110001010000100011100100111111
100000000011011110001101101110
001110100000001101010001001000
101010111101110111000000010011
110011100010011010101000110101
010100111000100110010010111100
010010101101001010011100010101
001001001011110011001010011100
100111101111011110011101010000
100111111001011001000100000010
010011100101011011010110001101
010000110000101000110010010011
110000110111110110110111110110
011100101100010100111000010011
