011001100100000010011000111111
011011001110111110010010111011
011110011001111001110001010001
101010010101100110111010001001
001100101101010001110000000001
100101001110101011000000110111
111111101111011011001001001001
110000111101000001010111111110
111101010100001001011011011111
110111111000101010111001101011
110100110110111000100110100101
010111101001110011001011011111
100100000100000010101010111111
011010110011010011100000101010
110101110001011011011010011011
101000101010001100010110101011
101001011000011001011011011000
010111000111101111111010001010
001010011101001101111100010110
010111100001110110100100000100
101000110110100010110001010011
001011000110010110011110010011
111010111011101110110100001110
101011111100111001011111110111
110111111101011111111111110010
101011001110100000101000011101
011010111011100110000001010010
000100101100000100010001001100
111000100101011100100010011100
100010010111001101010001111110
