001011010110111101111000101001
000101000000001110101001110001
011010100100110000100000011011
101100001010001100110110010101
110011001000001010001000011110
101110101101101001111011100111
111101111010111010000011110100
100001101100111110000000000100
101100010010010011100000110000
011101000111100100001001001011
111100110011000000011100010111
101101000100010111110000000010
001110110100000010101011101100
000110001101100111011010110111
011011101001010011101101011110
010001110010111010101010011011
000001001010000101010010111100
111111110011011011111100001101
111011010010100010110010100110
000100111001110000011000101100
011110001011011101000010000101
001111101000001110000100110100
111001011111010101001100100001
110111111110010101110110011001
100001111001110001111110111101
000001100010000110001100110011
110010000010101001001001110011
000101110101011010010010010110
111101001111101000100101101010
000111111101010111101001011100
