110010011011100001100110011100
100010011000010110000101001110
111110100000110111001100101000
010110111100110000110100010000
101001000101011000001111011110
010111010110000000010101011111
001001011000111011000111011000
010100011100010110111101011111
011011101010001000010000101011
100010111001010011011010001001
001000001111101110010001010011
101100001111011111101100010100
000111001111110110101110100000
111100100000000011101010100111
011011100011001011010110001010
110001001101111100010111010110
100011111101000000000001001110
011001001100010010111001011011
111000001001011101111001110101
111101101101111111100111001011
000000010001111111110000000111
100010110000000001010111110010
010110010001100100111110000001
001111111011011100100000100101
000000100110111000001010010111
011111100001010111101011001000
110000110101010001110100110000
011001011111100001000010111011
100101010111100010010111000100
110010110000010110001010101110
