011100101110001000110000101000
100010000100010011111111100001
100111011011000110011100010100
111010101000101001000111000101
010110000000000001011111111010
011011100010110110101000100000
101110000111110011010100110000
000001001000110001010010001111
010101111110011101110110101001
010110011010011001110000110000
010011000000100101000001110001
011100101101001110111100010010
110010010101100000011001100100
010101011011111110010111100010
101101110011010101011111101101
101011011101110001000010110010
111101100100010110111100001100
001010010100011011001100000100
001000110010101110011010011010
111001110000001111000111001111
110110110101100100000010100010
100001001011111001111000111101
000011100010000110111011000110
000010101001010100101010101011
111010101111101010100001001010
010000111001010111100000000010
001111010000000001001101001001
100001010110001010011010100100
111011000101101010101000001100
001110011111011110110000111010
