000001110000010010010001010010
000111110011110010011111111111
111110110001100101000100100111
111100011001100111010010101100
100000001011101101010111010111
001010100001000011010110101110
011110011111010110011001111000
010101011111001001101111011111
110111101001111101011100110011
101010001101000010101111011100
100110001110010101111011010001
111100111111101101000000110111
101100110111001100001100010001
111100010001010001010011010100
001111101010110010000101010011
011111110010010000010010110010
111011011011111000000011001100
100010111000011011011001100100
111010001010000011000000100100
011010100011110011111011011100
111110001001100100010000111111
110000110000101000101000010010
101010100110000100000001101010
110111001001000010110100101101
110101101111010110010100100100
100000101100101110000100001110
101010001111010111100011001110
001010110100011111001000100011
111101110000111100100100001011
001100001000000001101110000000
