111101011100111011011010111011
100101010101001000101001000110
100110110000011011101100101101
100111101101110000001101011010
010101111100111001101000001011
101100001010010000000111111000
001110001100010100110111011101
111011111101000010110111101000
010011101110111100110001010000
101011110101001110000010010111
100011010011100000100101101110
001001110010010001011011100001
001000110011000001000111011010
000110011101101001011110101110
011010110110010100011101110000
110101100000011011101111111010
100110010010001011011011100110
001111100110100101110100110100
011001001001000011010101011100
001010010000001000001111110001
001111110001010000001101001111
001110010010111111010111101011
010011000010101111001010001100
110100000001111100011101100010
100001011001111111100001111111
010001100111111010111001100110
111010101000010110011111101011
001101110010010011011101000010
101010101110110100000011011110
101111110100101010101001010010
