011001000011101110110101110101
001011111011100000010101010010
010010011100101011110100101101
010000000001010011100111110001
110010110100100000110100010000
001001100011100111101011100110
110100110010101100111111101000
110101001001110110000111111111
100010111111001111010000110010
010011100001111110100010000001
011101110000010101110010001000
111100001101000101011011100011
001111001000101011001001000110
101100011011111111001101101100
100100000010000110101011111100
100001111000010101001001111100
110100000000101100000111000001
101011101101110000101101000101
010001011110110110111001101011
111011111110001101001011011110
110001110001100000000000011000
100110111111101000011000110110
100101001011100111011000111010
100011011000000111001100010110
000111110011010001111100110101
110111101011110010101001101110
101001101110101001110110111111
110101000010001110011101111101
011010100110011010001110000001
110100001001100011101010000111
