100011110000110110001110111101
100110001101000101011011000100
001110110111011111110111100010
010100111001011011001111100111
101100011011010001001101110010
111001010011110110001001001000
111110110011010011011101010010
011001010000011111111001011001
100111001101101011011100000001
111011100110010010100000010010
001111010011000110100011101100
111101101011001110000011001110
100100110001000100111111100010
101100010010010110110010010100
110110011100110110010000010111
011001000111111111101111001110
001001101100010010101001110100
000010101101001111101111000101
001000101001001110100001000111
101100000100000100100000001001
111111100101100100101010011010
010011110100101000110100100100
000101111101100001000010011100
001001100101111100111111010111
000110001010011111111000110011
111010001111011100111010010001
011101001000110101010101110111
101000010101001110101111110000
100101110010011000001110100010
110001010010001010110011100011
