110111100011110110100100100101
010001011011101010111101011100
100111110111111110001000101001
101001110100110010011011000111
111100010111110110000011100000
100110000011000001001111000111
111101111001101100011011011001
001100000100000001010111001000
110101111110100000011100110111
110111010111101110111101110011
110001100010101000101101010110
101001110000000010100111010000
011010100011100010010001001011
001001010110100101001111101001
010100011111101011010010011001
101110011111110011110110111100
011111011111001010000001001100
000011100000010001011110111100
111001100010001100111100001101
000110111010110111101010001101
011110110111001010110111100011
110111001011100111101011111111
001111001110100111111010010110
111010101100000111010001101100
000100101011110111010101100001
001011110011111000111010110100
111001001100100001000101010100
110001101101110101010111000001
010010111100101001101111011100
101111001110110010101011101011
