001111111100111111011100001001
111100000110110111110000110110
001001111011110000110000010111
110000100010001000111111110100
001100000100100111111110100101
011101110101000111110111011010
011000101001011001011011000100
000111100010100101101111000110
101001000010100110010000100000
011000110100110000101110010111
010010101010011101100000111011
010101100111111000111110000101
000010110011110011110100010100
111100100001001111001100111011
110100101100100010110011111001
011000000000001101101101101111
000010100110001110100100000010
011110001101000001100000010100
010010110001011001110010000000
011111000110010110101000111011
111111001101011001110000010011
101001011101000101010010001111
101001110000001100001101011111
111001011100010111000110010011
101011010010001011010110001101
010001011000001000111000011100
010110000110111001011110000010
100100011000111111110111111011
110110000100101100101101111010
111110110100011000010110000101
