111000011100110000001000101101
110101010101101011001101010000
111010111111100110111110011110
100010100111010100010000110101
111000111001010100111111001100
011001010101101101110110010010
100110111011110001100000110000
001100010010000001000101001000
111000010000101001010010011111
100100010111010011110011100011
101001100101010100101100101000
000001110101011001111000100100
101101010101000000010110000111
100011110101010101010010000110
000111000011110101011011001100
001011000101110000011000011111
110110101110001100010101010111
000001111011011111000000001000
111111101001100100111101101111
011110111010010100110110011111
101111110111010110100110010001
010110101001011001000010000101
101110100111100010001010110001
110011011001110111111000011111
111111101000111101011001101100
000011000101011010100101001100
110011100010110100111011010011
111100011001011111011100000110
011100111100110000010101101101
101010100011111110110110101001
