010100000110011010001101101000
010000100110101101000011001101
100001100110110101110100111001
100010101100010001110100010110
001111110111100111100001000011
110110111110000000111011111000
101011010011001011111111010011
001111110110011110110011010110
011101000000011000111000001011
100001000011101001100001001001
101110111000011000000000100011
111101011101001100001100100001
001110010011100001100101001000
001101010000000000001011100100
000110100111101011100101011001
110001001111001010011000001101
101110110110101001101110101110
111011110111111111001011000111
101010111000010110000001010001
101000001100111001001001011010
011111000001001101100001001101
110100000110010000100011111000
110111010111001000100011010100
100110110011010010110001110001
100011010001011011111000100001
101100100100001010110111001001
010110011010010000011010111100
100000111001110100000100100011
110111100110101101101110110011
000010110000000100001100011010
