011100000101101110110110001111
011010100101010111110011000111
110111011101010011010110101100
101110101110110111001010010001
111101110101010110101101000001
000110110011110001101110000110
110011000010000111110010001111
100010111111111110000101110011
010010110101000001000101001100
010111111010101010001011010010
000011000001011100010110010011
011101010000000101100011010101
000010111110000100000010101011
000100110001111111011101000000
001011000111000100110111110001
011000110101101110001001000100
000110100111110100111001100001
001100101010110110000111000101
010010001011110110111000100111
101100111110001000001110001110
010100101101101111010100000100
110011011111010100010111110000
011010001010010011100100101010
110000000011011100100100010011
101011110111101110010010100001
111110111001001101010010100010
100010011101011011101001110111
001011010011011100011011111001
111111000101011110100001111001
011001110001011010111100110011
