001000001010110011111101100110
001111010110100111011011000001
111101111011011110000001011000
010101111011011001111101111010
010111000101000000100001111111
000101001011000101110101001111
110100001011110101010000111010
011000110111010010110010110101
000100111101001000011011110101
101111110010000100100000100001
001101001111110111000001100010
110111001001010111100101100101
110101110111111001111101110010
100101101000110110010011101010
110001111001110000100100000011
010111100011001111110101100101
010010111010000110010100110001
011111101001100100110101101010
011001011001010001101110110110
111000011111000000000011010110
011110110111001111110111100000
100110010111110011000011111100
100101101111001100001110101010
011000001110100100000011001000
100110000100001011101011111011
100101001011111001111111111111
100111010011101000110011000010
100000100010110011101100000010
000100101101101111010010001001
000110010101000000111101100111
