101111110001111000100001100011
111101110001100101101101101111
011010000110101111000110000101
111011100111110101011110000110
110101101100111010011111010110
001011111011110000011010001110
101011100010010011100110000011
010011001100111100110001101101
001111110101111110110001100001
000001110101001010111001001010
111100001001010100000100000101
100011010011010100110000100100
001110110111010110110000101010
010000100011011010001101101010
010100100001000101100001100111
000111010001010001001010110011
001110001100111000011001001110
000010110100110011010000110111
000001101001011100111011010001
101110010111010000100010111110
010101011100110111101000010101
111001011001110001111101110111
010100101100010111011100100000
110110010110100111111100010111
011100010011011100100010010000
001010011001011100110010001111
011011100110111101001110101001
111000001101011011100000000110
000101001000101111100100110000
000000111010010111001000100110
