101110010111001110101011110000
111101100001001101111111111100
011110111111011011110010110110
110001111111100111110101111101
110111100101110111010110001011
111111011011110100001100010010
110001001011001001000111101011
011110000000000001101011001001
001001101111111011010101100000
000100111000101000011110000010
100001000000010000100110111000
111010000010000100101010001111
110100000010111001101001001110
010010000000000110100110101010
001101001110101110101111011110
010111110011100101001111110111
110111000000111011011110010101
101000010110011001010100010001
111110001101000000100011110001
101100101110010001001111101101
100100000011101110111100100000
010111001111110011001000011010
101011010001101011000001110110
011110111100000011111010101000
011100101111111100110101101011
100001000100011110110101111110
111100001110100000100010001111
101011011111111011110011110000
001000111010101000000111110001
000110100111010110110001001101
