000110111110101100100101001101
001011011101101110101000011011
011010011111101100100000011111
000001111000011111101100001001
111110001111100101110010001101
111101111101010000011001011101
110010010011110110111000001001
101110001101111111110110011000
100101111100000000010100010001
101010010001110011111111110010
101100110110010111100110001110
000110101000011111001111011100
101000110001001111111101010001
101100111110000110111001011001
101100010001100010111000111001
011110001001000100010010011011
111010001001001001110001001101
101000111111011110100000000010
010010101100000011111011100001
011110010111100011011100111100
001101011010100100010001000100
100010101111100100110101001000
010101101000100011100010010110
100110000111100000100001001010
000000001100100010010000010001
101001011010111110010011011111
011101010011001111001110000011
111001100111110101100001001101
101110010000100011010000000011
000110011100111001110111111001
