000010100111101101000011110001
011010110101011011110111100001
111000110111010010011111001010
010111000101011011000111010000
010111000100000100101110010111
000100011000010110101100000110
111000101000010101111101101001
010101100101111101010010110101
111010001100000010000001010100
101000001010010101001111001001
011010001001001101000000101100
100111110011110111111011011110
111001001101011001001101101101
010010000101101000101110001001
011101111101001010110011000111
001110011000000111110111001110
111010110110000001010000100101
001011000000000110000101010010
011100000000011110101111110111
010001100010000000110010111110
100000100010011000101111001100
000110010011000101111100001000
101011100000110110010010111111
111010110111111110001101011100
110000010111101000110000001101
110000100100000000000001010001
001111100110000000000011110010
010001101110101010101000110111
110101000101010110110101011111
010101000010010100101000010010
