001111111010101011100101100110
101011001100100011011111011100
110100001010011100110111010101
110000101100010010000001010101
110010000000011010011000110110
111100011101001111100001101010
001011111010000110001100100111
100101010101011100111011010000
111001001101001000110001000101
101100111010111110111111100101
110011111000111011110111111101
010111001011001010001001101001
100000010111111010000111101011
100101100001011100100000010011
101000001111101111010010101111
011110111000000100111110101101
111101001000111111000111101011
001001100110111110001001110001
000010111010011010010011010001
010001100011111010100111011001
000110010010001100000010111001
011100010101100001011010011111
100000011010010000110100110101
001010011111100000011001100110
000001100010001011010101000000
101011011110101011011101010110
111100100000001010100010101100
111000110000111000101100011100
000100110101100000110001010000
011110001110001011011100100000
