000010001010000001001001110110
001011011111111100100010000000
100110101101011011000110101010
010001100010111101010110001000
100011010011111111101101110110
000100010001100000100101100011
011101011111011111010101000111
100000010110101001001011111000
001100010000010110110110101110
110000011110100100011011001101
011011110110011011100101011100
110000101101010010101100010001
111100101000001001110111000010
100101110110010011110000111010
000111110110110011001000000100
110101111111001110111000100011
101101000011011110110011000011
101110100001100101100010010111
100110010011000010100100001111
110101000110000111001110100100
000111011000111011001101000001
111011111010010110111111011001
000010001111001000101100010000
111011100011100100001101011100
001100011001100001110111110000
111000101110100001101111011101
000100110000000000011111000000
101100110110110100001110011110
001101001010001110010010010101
101100100001001101010111010111
