100101100111000010001001010111
000101011001110101111111101000
111100000101100111110110111001
000100000000010010111111001100
111111001011011100010001001110
100110100011001001100011011001
110111100010001011111111110010
101001010100000010111101000010
101010100010100011111010011000
010101011101101100010101100111
011010001001100111111001101010
010100110010100111010000010011
000011100011100000101100111010
111111001110001110111110010011
011011001010101000010001100011
111000001000100011111010000111
001101110100110100000000011111
011110110011010000000111101101
001000000001000100100101001100
010111110101000100010000010000
010001000011011110001011111000
011000010101100000011011111111
111100110010100010110101000110
001100001001111101000001011111
010110000001011100101100000110
111001110000000110000110000011
101100111001110001110111110110
010110101000111101100101110101
100011011010001001100010010111
010001011101010100111000101110
