101111111100000010101000000110
011000001000011001110010000101
111000110111010101010111110010
100111010010011100100010100001
001011110000001101000011110101
111111100011110100010111111000
000011000000001001101100101001
100001101000100100111101100000
000000011011000011111001100010
110001000111110111011000000011
010110101101001000000111110110
111011101010111110011110001100
111110011011100000011010101111
011101111111111111101110011011
010100011111100110111000000010
000110100111010010100010001101
001000101100000000111101011001
101000101010010101011001101001
000110011101101101111100010000
100010011100000011101110011101
101010100001000110011101101000
100111010100100101100111010011
111010011101010100111101001101
001100001001001110010001010100
100111011000111101101001101001
111110000111101010111100110001
011100001100101011111010000110
111001011101111100000110010100
000000111100111100001011100111
101011010010110111110010101011
