011101001011111100111101111011
110101011001010100001111100111
011110010011010111111111000000
101100100110010101000011011010
000001010011111001101111101000
011101010011011101001000101000
110001000101101111000100000110
000110100000111110011110010110
001101101110000000111011001010
011001111000101011101110000001
011100110001000110011100011010
111011110000000110100010000101
100010010011110101101010111001
100000000100101001010110110110
001111000111111100101101100010
101011011111010110010001011110
001011000110100011010011110001
101001000110000010011010100010
110101010000111000001101001101
111111100010000000000000110101
010011111110010000010111011010
110101101111110011101010001111
001001110100010010000110000110
110110100111011111011001101111
010000000011001011001000011001
100010001001010110100101000001
001101010101111011111100001011
001010010100111010110100110110
111010001001010010101010101111
110000111000111111000011011010
