110010111100100001110101010111
100101010101101010101011111010
111010000000001010111100001000
001110111001001100100011010100
101001111110111000001010111101
000110001000000100100001010110
111011101011010101101111111100
000011111001110111011000110011
111000100011010001110010011000
011110101110100010110010101111
010100100110000000100011001101
100101111011001011100111110100
011010100110000001000001100110
100100101110100010111101011001
001010101001010110010011110010
100101010010001111110001101101
001111110101100000001000110001
100010101101111011101111110000
101001011001111000100111011011
001100111111011001001110011111
000101110100001000101001011010
010101001011100101100000000110
011001001110111001101101010111
000000110011100011110000000101
001110101000010110110110111100
101000010101110001110000011111
010001011111000111111011001011
010000000100010000000000011110
000000101000001000001110000011
110111100011110001100101010001
