110101101111101110110111001101
111011111100101110000100101111
101110000111100110100010111001
100111101110011011001101010011
000110000100000101011000110100
111000011011011010110001001110
010100111011100010111101100111
111110011111101100000011110001
000101110100011010011001000010
011010010000010000000010000101
011000001000100101100001110100
001000111111110011011111101000
001110100101111111000001010100
111111000001011001100000110000
110111110000100100110101010100
111001101111111100011001111111
010000111101001101110010010001
101110010101101111101110111100
001000000011101101011001001010
011101110001110010110101100011
100100011111011010101101100000
001110000111011101011111001111
111101000100100011001110000010
100110011011111100011111110100
110001001001111100101001110111
111001011010110111111010010010
111100000100101101110111110010
100001000001110001011110010100
010111010111011001101010110110
110000111111110010101000111111
