010011001110000000100111100110
111111000011000111101111011110
011001010011100100000011110110
010001101010100101000111101010
010000110110111100100111100101
100110111010111001110011110100
101011101100010111000110101101
100110011001100011011001001000
001100001110100110110111011000
010001101100010101111011110111
110000010010011010100111101111
011100110001010101000111010000
011000101101011101011011110001
100111111010110010000000100111
100111000111111100100001100110
011000100001101011001010110100
111101111111010101111011001001
011111001100011100000010010101
101100110010110110001101001110
111011000010001010110111001101
101001111011000100100110111101
000101101011111011110000100101
010100000001101111001111101100
101100010111000000011101010110
101110001010000100010001010010
111101001111111101001111010100
101010011000110001110100000000
100010111101110111101111011100
000101010110110111011001000000
001111110110010010001001100010
