000010111010001110010000100000
101010010000101110111010100111
001001101010001011000011101100
000000111001100101000011001101
100111010010001000101111111001
101011101111111000110011100100
001110101101110010101010100001
111110110111110010110111110001
110110001000111101001110011110
101100001001100011100010011111
100000101011000010111110101110
010000111110110010010001000101
011100010001010100100100001100
011010110100011100011001001110
100111101111101100011001010100
011011010011111000111011001001
110111010011001010100101001010
101110010101011001111101101111
100100111000101100010100001011
101111111111100101100000101001
111011101101000110100111101110
101000101010001000010101101011
000000001001010110011100110111
011110101111000000000000110000
101100000010000011111001100010
101000000010100101111110110010
011001100100111111101100001110
011011111001100010100010000111
000001110010110101010001111110
111011000100110010011000110010
