011011011000101000010110001100
010001001011000100101100010111
010011011001010011010110101110
111101011011110111001111110010
101110110101011101110000100011
110001111110011110010000111100
100001101010011101101110001111
011100010110011000000011001000
001101011001011110011100101001
110111111100110010000000110110
111111010000100001111100001001
010110111011111011001000000011
011010110001100001011110001111
001011000010111100100011110110
100001100011100000101011101111
010110110001100000010110010110
100000101101000110101110000100
011011001110110000101101110110
000001010000101100000010100010
010000100000000010011100101010
000001101110110000001110011101
101011101100101001100110001110
110001000100101100111111001001
111010110011101101101000010000
100011111111000011011000000010
010101000110001001001010000111
101111011001010100010010010001
111111011110111100011000101101
000010011101001110101110101000
000100001010001101110100111100
