110010001010011100101001100111
101010010100101011111101011000
001100011010001001010111011001
000110100001101100101011000010
100100010010110000110110000001
010010011001101110010011001001
001101110011110100011010111111
010101111010000101110111100000
101110110000111110110100010111
001010111111111100010111111001
001110010111101000110110011100
100101110110101010000101111101
000010110101001011001011001000
111000010100000111011111101111
111001111000001011111011000101
111100111101111100001011011101
001001011001100111111100111001
010100110101000011110111101101
101100111011011010011110101010
011000101001101100111000001001
110110000111110100010000111110
110010010001010001100000111110
101110011000110111111011011111
011111111110001100100010101101
011111010110011110101001101000
111010111110101011010110010010
111110000010000010001100011100
000000001011111101011110101001
110100001000001110100101110001
100111011111010110110011110001
