110001001111111110111011101001
100110110011110110100001001100
001100100100000101010101000001
101010011010010101011111111000
001011001010001010000111111010
000111101111101110111111010001
011010100001000010110110000011
001011011110001000100110011110
100010000100001010100110001000
010111111000100011011000011010
111010100001011000011001110100
110011101110111101100000100101
111001110111011111010110101110
101110100010110100111111000100
110010010000001100100100001001
001110001101101011100011101101
111100101010000000001101110101
111000111000001101111010100110
111110001111000001010000101100
000010110101100101011100010011
011010111100101000110000000100
000100000100011000110110101001
000100110001010110011000101011
110110000001110110011001100010
011011111001110111110100111101
101011101101110010110000001001
010101010100101100101110110101
110110010100101011000000000101
011011111110000000101001000101
100001111111111100011100110011
