000100110001010111100101110100
100100101001001001010001111000
101111111000010110010111000010
001100100100000110101011011000
100000100111100011001001110100
001000111111001101110001100111
111101111100011101110011010111
110111011001000110100100101001
101100101011000001101011110001
111010010010101111110011010011
100010011111001010110110010000
001111000000111110010111001101
000001001000000000011010010110
100000010101000100010111010100
110000110010011101011011111100
100000010010100100011111100011
101011000101111000101001010100
001100110001111010001010010100
111000101011100100000001011001
000111100101101110110011100011
000000110110110001010100101111
110001101001100101110000101100
001110001111010110110011100100
100101101011010001100101001101
001010011111010101101111100011
010100011110000111010110001100
100100010001111001000010101111
011000101100100111011111101011
010001001110101000000100110000
100000100110000100010111101111
