000111110011000101010010000010
110111101101010101011011111000
101111011000101010001100011001
001101000110100010000001110000
110000011100111011111110011000
001110100111000111000010101001
010101001111011000001110101000
100010011110011011110111001000
100011100101111101011111010001
010010011001111101011101000101
000010010001101101000001000111
101000010001011000000011110001
001011011111100100001111100010
100001001100001010001101100010
100001110111110011011100100001
100010010010100110101111100011
001011011111101011110101111000
001110000011101100010000101010
101001101000000010001111010101
001110101010100000110101000010
000011101101111001010111000110
011111011000011111101001010001
110000101111100000011000011111
010011111001100010101110000011
000101001111011101000101100011
111001111011110110001110101001
000100000010101101100011001100
111001010111011110010001000100
011111011101000010111111101100
100011011110110011101000100000
