100010111001011000010001111100
101111110100110111000000100011
011000010011100011010110011010
011011011001100000010111111111
011011011010001000001010101010
010000000000110101010000000011
101110111001100110111111100000
011110001011001011010100001011
110000010010111011001111100110
000000111000111110010110001100
100111100000110111011101111001
100111100101000101010100011001
000101111100100100011011100010
101110111010000011101100101101
101001111110111101110100101010
011000110010011100011100111010
011101111101001101110101001000
101001111110110110000010010010
111000101110110100011010111000
110000000000000011100010010111
101000110100000100111110011100
100111101100001100100101101111
100010010101101111000010000100
001110000111100111101110001101
101111011111110101011001000010
000111001000111010100010100101
010111100101010111000010010110
011110010001110111001100010001
011111111000101101010011000101
011110111011110000000000000100
