000010101110111100101001001001
111100100001101111001100000011
111101100111101110111111001000
011110100011111010010111100011
000010100101101101011100111110
011110001111011001110111001100
010111101011110001101010001100
101011001010001001001111100011
010110111010000011011111111011
101001001001000100111010001001
110101010100010100101001110010
101110010001001110111001100001
010001000001100010110101010111
001000100011011100010010011010
101111001001010101111101000001
001110111000100110000001111011
100001010100110111100010111110
100111101010111000010111110000
111011011110110110101111111010
110000000100010010110111111001
001011000100001100111010110111
110011111100100001101111010010
001010010101010101100111000001
000110110001000011101011100110
001110100100011010000101110000
011110110101111100010001011011
010100010010110010001110100001
000011010000100110000101011111
011011010011110100000001001000
010100100010110000000101111000
