110101101010111000101011000110
100111001011010011111110100010
000011110111111110110100011111
001000101011111110100101101110
110011010111001001110011010101
000110010011011110101000111010
011010011011110111001010110011
011101011000111010000111110100
100001110010111001010000111011
101000001000101000110001010100
010100110001101001111000011111
111000101100101110000111011000
000000100110111101100010101111
011101111011011101000001001011
001011001010110011101010010100
010011010101110101000101011111
001101000100000011111011001001
010101000110000010001010101101
010011111101001000101100110011
000101000001100110000011111111
100001010010101000001110101011
000000011101111000111110001100
010110011010110000011010110010
110100101101000100001110110000
011110110100000001010100100011
100101111111100100010011101001
111011001111110111011111110000
111101100010011011010100000101
101100010101101100101101010101
110011010011011001000001001111
