101001001000110001010010101000
001111000100001000010010010011
011010111111001101010011011101
101001101111010101110110010010
010110000111000110110111010010
010010100011000000100100010101
001101010101101010101110101110
001110011011011101100101001110
100001100010011001110011001110
000000100000100000001100111111
011010011011001101001101100001
101110100101110010101001001010
111111101110010001111101000110
111001110100011101001110001000
000100011100001100010010111001
101000100010111001100101011101
100111011110111001111011100011
010111100110111110101011110010
110000000100110010010010000111
101010010010100011110001110010
011101001101100010001101000101
001111100001101110101100010001
010000001110110101111010100010
111011011011001001011001101101
000011001111111000001110011011
010100111100010001000110001001
011100001011010010110100111011
111110101101010100010111101001
101011000001111100111111111011
100100111001000001100000010111
