011110101011010111001011000001
111001111111000111101010001011
111100011011000100111010010101
101010110010111111011110101110
100111011101001110101111000111
010110000110101101101100010111
010011011010011000010101001110
000100100110000111011100010010
010010011101111010101110001111
111101100000001100110110101000
011001100010011111111001001010
011111001110101000001111010001
110111010010100001011000010101
101011000011001101010000001011
001001000010101011011111101111
011111010011100100011000110101
010000111101010111110011011001
010011010011100101101010111011
001001000111010101010011111100
101100011010111110000011110000
001001011011011110001000100101
010010000101110000000011100100
101110111011000101100111001010
000100010101100010000010010110
000100011111110111101111011110
111010100110010101100111010101
111011110101011000111011010100
011000110000101111111000010001
000101001110100001100010011010
000110101111110010010001110010
