011101011000111101101100000001
111000010101110010011010011111
111000000111110101111000100001
111010010001001100110010110101
100001111110101000010101110011
010110001111010000110000000101
111101110101100110010101001000
110000010011110011111101001011
001011101001111110101011010010
111100010001100101111010011011
111000111001110101011100110001
011001011101000010001111010101
111001011110000110000110011000
100100110001110101100100010100
000100111110011111101110000110
111001010001100001100111110001
111100101000010000110100011001
101010100011000111101011101010
001110101001011110010100011110
100110110000100011111011100100
100110110000110001100100000111
101100111000100101110010011110
001011010111000011010110001011
010010100011011100101011010010
100011111110101010100101010100
000011110100000000110110111101
001111001111000001001010001010
101110011001100101100111011111
011000000010000011111111010111
001010001010000110001110010010
