011101001110010000010111000000
111000000000110111110101010101
000000001100111000010110001110
110010000110001110011000101010
110000001110011000001100110101
111101101110011100101111000011
001011111101100010000001101101
111100110001101100110001000010
110111101001011001101010111000
111111011001100011010110111001
001000000001001100000111101000
000010000001001110010100000100
101010101100000001001000011010
010100000001101000100110010110
010111001101101000000110100100
100101010110011110101101011000
111101110001010110001011011000
100000010100110000001110000001
100001111010011010100100111100
001100011101001001000110011010
100000001011101010010011101100
011011100111110111110011110111
100111111000011101110111011001
011110000011101011001100101110
010100110011110111011010111111
010101100001011111010111000001
010110111100010110111010110110
011110000010100011001100000100
000011000000101000010001101111
111000101111100010101110011100
