000010111100001111100111110010
111111111001100110011010001010
010101000001111111110010010110
000100001101000111001000011011
000100001100010011110001001110
110000111010001110000000101101
101000110100000100101010100111
100110100010101101000000011101
101100001010000101111001111001
111100110111100011110010010011
111001000110111010011010110010
011101001011110101100011100110
111111111111001001111010000110
110010110110001111001110001011
010101000100110010011111010101
000101101010101011101011000110
001110110010100000001100011000
011110011011111000111001100001
100000100010101010010100100010
011001111101111001100001011011
001100010011010100011010111010
011111100010010100001110001011
010100000101101010111100110001
000001101111101011111010010011
011111100000110110110010010110
001111100111110110010110011110
101101000000001001100001010010
100110010000111100111100001111
011011011110010101010011101011
010100110101110101100111000001
