010110000001110100000010111010
010111011001110000001010100010
101110111100100000010100010010
110110111101111111001110011010
001110000011101001010111100010
001111111100111000110101001111
111101101011001100001011101000
111100100100110100110100000000
111001010110111010101111011011
100000100011000111001010100010
011001100001110001110000000110
000100101001111101010101111110
110001110101100111110011001101
100010111100000010100000101111
011111000010100110100011000100
111001111001110110101101001010
101100101010110000101010100011
100010010110011110110110110110
000000101100111110100001000011
100100011010100011111111100001
101110111100001011101011011101
011100011110100010010011010010
100000010000100111110001010101
110111111111010100100001110111
101101001000011000100001001100
011110001111011001011101100100
001000111000101001111001010000
101000111011110000100011101110
110011010101000111111111101100
110111011101110110010101111100
