011101011101111010010011011101
101110001010111001001110110101
000101011100110111100101000010
111101100101001001101101100001
110100001000110001000111101111
010111101111110000100010111010
111011011101111000010011110011
110001110101100001100000100101
000111100100011010000010000100
111010000110111011010001000101
110000000001001010001100001100
111101101001011100100100110010
001011000110010110101111100101
000010011001100110001110111010
110101101101100100001110011100
101111011110010011011101011001
011011011101010001001010111101
100010011110001111001001001001
101100111011001011110100001100
101010111001011011010100111110
111011111011100001011101111101
100000111000110011100011001010
100100111001010011010000011010
111100001000101001110111101101
100010100111101011010100011100
111100111010100001100001000010
110001000110111111001110000011
011010011110010101010111000111
111100000001000011100011111010
111110001111000001001000001000
