100000010001110100010000001011
110001000000110011010011111101
000001100001100011100100100111
111101010000001000011111100110
100110001100001000000101010101
010001111010000110111001110011
100001110110001111101111100011
000100000011110100001001111001
010011001111001010001100010001
000011001100011010010001000010
101001001001000010000010100110
010000010111101100000000111000
010011011000110110111110011010
111011100100011000001000010111
101101011001101010010000000010
110010111111000111010110101110
000011101110110000011001111010
100000000101100100100000010001
111001101010110001011010010100
010001011000001000111001111011
100111001100010001010100010111
110101101100101101000001101000
111101100100001001010001110011
001111100010100011111110001111
110010000001011011101100111101
011000001110110000000011110000
001011111101000000100101011010
010100011001001100000001111111
010011111100111111011011100101
011111111110100110100000100011
