110111111000011111011010101011
001101000100111110110011110001
000011010111011011100110111100
000011110100001111100110101011
111101111001100000111100100101
101011111010001010110011001110
101010001010101101011111111110
100100101111111000010011011100
011100100010111011111100111010
001011111010001000101110110010
111110100011011001001111100000
111101011111111010101000001001
001011011010110110010001010110
101101100000110001010000110100
010000100010111110010100011101
001001111101011100100011101000
100111101011101110110111100110
101010100000010110010111000100
110111010001101011001100100001
110000010100000101110000001001
010111110110000011010010101010
110000000111101100110011110101
110001110101101110100011101000
101110111000111001010011100001
010100101100000111000101000000
100010000101000101110001010010
110000000101011000111100110101
111000000011001011011110010101
101100000010001100101011000000
111101000111011110100010100001
