101000111000010001010010000001
010010100101000011100101101000
000000110010111000100001101010
011111001010111001100111000110
011010110000110000111110001110
011000000000000001000001010111
111111011000010010011111011010
001000001011011101111011110111
011111001100011011111010001011
011100010001000110101001111010
101011010000001111100111000001
000000111000100110111111110111
111110110010110000100100001100
101111011000110011110110111001
110111001001000001011010111110
010111100010000011000011110100
001111010110110001100000110111
001010010110000001011110111100
010000110111110110101011000001
001111101011000001110101100000
100101000101011111110100001011
001010101101001011010110011001
010100111111001111100101101101
110101110111101010111001000111
011000101110101111111000010001
010000100111110110110001000010
011011010100101010111011110110
110110000101010011101010101000
010000011110000101111001100010
100111110011110111001110001011
