000100011001101011010100001000
101100001101001111000001000100
110000010101011101001011110111
011011100001010111011101111100
011100000001010100011111110001
111101011100010110001101111000
111000111101000110000110100001
001111000111100011111110010101
111011110010101101001111110011
101011010001000100110101010101
101000011010000010111011101101
110110010100010110110000101000
000110111000111011111111001001
000100101001111110011111111111
011111110111110000110011010101
101010000100110111111000001011
001011110101000110010101110101
101011101100110111100011110110
101111010101110010101110011100
000111111000100000100010000001
100001001100101110000011011010
111101100001010000011100001101
101000100100101010100101110010
111001010111101001001101010000
000111111100101000111111110110
100011111110001010011010000010
101000101010000100101001100011
101110001110101001010001010001
001000110110101110011110010000
000001010011011110110111000000
