111010100000001111100010100000
000010111101110000111101001001
011011110100100010100001000111
111100100000010000111110001010
010101101111010000010111010110
010100100011000101110001000001
101011011001111100110101111111
010011100100100010101100101001
000010100010110100001110011101
011010101000101110000101000001
011101110010011101110011100101
001000100000011010011001101110
010010100011101000110100111011
010011001101111001000101110000
110100000010001011100110010000
110100111111001000000000000101
111101000010101000011001010000
100000101001100011001011011010
101011011111101110000111110010
100001100111011101111110000101
101000100111101111110000110000
110110010011000001010111110010
011011000100010110110110000100
001011100011101010110011001010
111101110001011000110001100100
001100011110100001100000101001
011111011100011010010000110011
110110111100010000001001011101
101011000100000100111101011101
001111011000110100010110010000
