100010011001111010001111001010
000100101010011101010000101011
010101111100011111000111111100
100111011101000001010001100101
101101110011011010110100111101
111111000010101111111011001111
111101111101110000100101010011
111010010001011101110011111011
001110100010100101110100101001
010100011111000001011110011010
110010000111100011100001100001
010100111000000101010010111111
100010010100011000111000011111
011011001111000101001001110010
100001101001110010001010101100
001101011101010110100011000111
111001001100101100000100111111
011100010010001100100101001111
110100011110010001101011101011
110101011010101101101010011001
001011100010011000011111110100
100001001011001111100000110101
001010000110100001011001010011
111011000111000001111011101110
100001100111111001011111101110
100011001011101100110100000101
010011001010010011100111100000
000110011011011100111101101111
011111100111111110111101100111
111111110010100100111010101010
