101010100000001100111010011110
110110110011101001011100101010
001001011100011001110110100101
100001100111011110101010010100
111101000010010010110001110100
001100000111100010110110011110
110011010100011110000110100010
101000101110100010111000000001
110111101101001100010100110101
111010101000110001111111101111
001000000011101011001101111101
101000111011011110101111111110
011110010101100100011110010010
110010010000010101101101101000
001110100010010110101101010010
101100101011111010110010010001
100000101101100111000010110011
001000010011100110100001000101
111011011000110110010001001010
101101001101010100111010100011
011010000111111101011011010110
010010001101100100001001000000
010000000000011001011100100011
010000111100011011101001010101
000010010010000010111100101011
100100110100010100100100100110
100010111011000111100000000011
000010010010000100000000011001
101000101001110110110010110001
010111011011010011111100100111
