000010110101101000011100111011
010001111110111101101000000011
111010010011000001111000101101
110000011011011110111111101010
110110001001001001110111000101
010010011101101111011000001000
010010100000010001010100011110
001011101010110010000011100001
111101000101000101000101011010
000101010101111101100110101010
011101011100110100111100011111
011010001101101100101101100000
001111001111011001000001111110
110000001110000000110101001110
011011111000110110101111001101
010111010011101111011110011100
101101110010010000011011000100
001010000110111011011110000011
001100001101110101010111110101
010110100010110101011101000010
001101000011000101111011101001
110101001000000011000110100001
000001100110100111111110101010
110001001110011100111001001010
010010001000010001101000010011
110111010001110101000000001001
101100100011011100011101111110
001001101001101110101000110000
001011100010000111111101010101
011100001111001111011000010001
