011100100011101010100110000101
011011000100110101000101110011
101100011010100011101000101011
111100111111001100010011000001
100011111110111111001100101110
001101101100101001011111100000
111111101110101111000100010101
011010101100000100101001010111
010001100110001010010010011000
100000110101010011100000110110
010110100100110000000010001111
110010011111100001111011111010
011001010000000000000110010100
110111110011001011000000011111
000001011101111100111101001110
101100111001101000000110101010
001110000110110011000001011111
001101100010110001001101111100
100001010100111100011000011100
001111111101011111101111110101
000010111000010111010000010000
100101000100111011111011011000
010110111001001001001000111111
010100111101010110010010101100
111001111010101101001010111101
001010110100001110000100111101
001101100101111001111110110110
111001000011011111111111010011
110000100011100111001010110101
100010110011000011001101001001
