001110010000110000110111111111
011111000011011011011101101000
101000111000100111010110001011
011010010110011100011110000010
100010100111000011001000100101
011100110001000110011011010100
000000111100100101111100110110
000000011111101101000101010010
011001101000010111010110110110
101001011100111101100010110000
001111011110000001111011100000
110100111111110100111010110000
010110011110001010001010011001
010110111000001111110110011011
001010100101101100110111101110
111001011111011011011111100111
011110011100101100100100100110
110011101110011011001010000111
011010011111000001011100111101
000001111000001111101111101111
001011100111010101011111101001
000011011100101010110100011000
101101000110000100101011111011
000010010101011111110110001110
010011111000101101111011000010
111111000011101010010111010100
001000010010000001100011000101
101110110001110110110010010100
110010110000010110100111011010
111111111111100100110111011001
