010011011010001000100111101100
010110001011000111010011000011
100110011111001011010011101101
111010111010101000100111110101
010001000010010011010100101100
101011001100100110001000101000
011110101101000000100010000100
100000100001011111110110101100
010110010111001000101101000111
010010011100111111001100101010
101100110001110010111011011001
010011000000110111110111000111
110001110010011110111001101010
011001100010000100111110111101
001101011101001110101010110001
010001010011110011111110110100
001001111100000010011000010111
101010101111001111101101111100
111111100110011101000111001000
101100010001100110000110100001
111011000011100101011101000011
011110011011011000010000000111
011111000010111000110110100110
100001100001111010101110001001
110101000011000110110100110100
100010100100000000111000101101
000000100000111001011011111101
101101111010000010110010010100
010111010100101110010101000001
001100110110001100101101101010
