011010100011000101010100111010
010011111000000010010011110111
101111111011111000101000110001
110110001010010111101100000001
010000110001100000100010001011
010010100111011001100100110010
010110011000010111101010011010
001010001111000001100001001000
000011001010110101000110111100
011011101111101100001011100010
111110111101111000011100000001
101111101001100011011010011011
101101001011110010010000011010
101111100011000101011011011110
010110110001000111010101000110
110000010000011011000001100000
100000110000110100111010010001
000101101110101111111110000111
010110011011010100111001110000
101001101010001000101001011111
110110111101101010010101011001
000111100101011100000101000110
011110101000111000111001110001
001000111100011101111110001111
000101100010011001010111011000
100011111000010110100010000011
111101001000110110110110110011
111111100001010100001000111101
011110100110011010001011101001
111011100100110101000110101001
