001000000011101001101010101100
000111011111010111000100010001
010101011011001001101010111101
100000000100111111001011010010
100110010110000100111010001010
000011000000001011111000000001
111001101101111100101000011001
011111110010001010011110111101
010010110100001100101000001100
001100000100011111000110000111
110101000001000101000000011110
110011001111100010101101111100
001001100101101010000011000110
001100011100010000011001010110
001101100000000000001000000111
110000001010001001000110111111
010001100100111101011110100100
111110000100101000100010111101
010111001101001100011110110011
111101001001110111101000100111
110111110111100100111101010110
000000100110001111101011100111
100111001101000000001000010001
111100000101101101111100011000
111010010101010110111101010110
000110000111010101010100101000
011110010100001111101110110000
011000011111000001110100000111
101011100001110011100001001110
010100101001001011110011011001
