100111110010000100001110000101
001000001011100100100000000000
010010110011110001110110101101
110101111111100100111101001100
000000011001110010001000010101
000100110111011100011100001101
111000100001010000101011011111
100101110100111010110111111001
000000101111111011111111011011
100101111010110110100010000100
010101100110011011000110000100
010101111010111010110000000100
100010000100110011000101100001
100110001101110100101011000110
001010001011110110000101101000
100001110110001010001101001110
010100010110110101111011100010
110011100011110100111111001000
000001011010010000100010101110
010000101101111111110001101000
010100111010101110000001101100
001001110010011001011101110001
001111000111110110110111001000
010010011010011011000011010010
111100011101011001011100111001
000111101001100100111000011101
001100010010011011101010110011
101010010110111111110111000000
001100100111000010111101110011
111011110010100110111011101110
