000001000011100110011011010011
111001001011100111111100010100
000011011101001000010011101000
011110111000111010111110010101
001110000111010100010100111100
101110111101011111011001101000
101110010110110100011001111110
001101010001100011111100010110
011001000010010000101010111110
101100100001101011000101010100
001100101111011111100111101110
010010000000000010101100001010
000011001111011101101110101010
111000110100101001011011110000
110010001000100001110111101010
011011111001100011111100101001
001000101100110010101010100101
000110101010110000111100111011
001000100110100110100001011100
111101111111101010100110001100
100001111111011111101110001000
101101011010001111001000110111
110001001011111110100110100101
010000000110010111010011000000
011010011010110101000101011001
110100001110010100010011000001
011100011010100011011101001010
111111010100101101011110010010
000011101100100010100010011000
011110111001001101011100001101
