010000110101110011010000111101
001001110001111110100100111111
110100100000011100111000011011
001100001001101100101001101000
100010000111100001000011100111
000011000001100011000100110001
100001011000000100010100110101
111001001010110001100000110000
001101111111111011111010000100
111101011010010100000001111001
100111100000001110110000011111
001101101111101010000011000001
000110000101110011100100000110
010111011110010011111101010000
001111111001110111001000110101
111011010110000111111011010111
001100010001101110011000011010
011010110111000101101111111011
110100100010111100100100010111
000111000101111011110010000011
010001000001100110100010000100
000010100110010001010110101011
100111111100011111000100100111
100110000000110010010000100110
100010110101111010001011111010
111011110001101010100111101000
101110110100111100101100111001
100111010101111000110101110101
000001111100001001001111110110
100010110101111111100010101001
