010111010110001111111000000100
101010100100010111010011110101
110110100010100011011010101110
100110101010000001011010000111
111101001110000000111000110110
110011000100100110111001000001
010011000111111000011011110000
010000111001110100101000001100
101100001000111111110110000110
100100111111000010001110111000
001110101000001100011111110110
100001010001010010001011011010
110001110101100100110011110100
011010010100100010010011100011
000110101001001010110110001001
010000101001101010001000100110
011100011110010011000110011010
001110001010100101100001100101
011111001010100101101010000101
001111111001100110000111010001
011011110101111001001101111011
011001111111111010111100001001
010110100100101111110110000110
010000100111011000111110111101
011110011100011001100111110100
100000000001000110000010110000
000010101000110000111110001011
110100111010000001001100110010
111101111110100110010011011110
101011001001101011100100010101
