011010111001101110011100001110
100100111011011111010111110010
111101001010100110010111111111
111001000111111011011110111100
100000001011000010101100101000
010101001011000000111100110100
010110110011011110011010010000
100101001010100100010101000000
010010111001010101001100111010
101001000000010101011100011110
011100110010011100001100100010
111111111011101111101111010100
111010100111100000001111101010
001101101101110111110101110011
101000001011100001000001010111
101000001010110010100011101010
010111111101101001010010001111
000100010010001011010101000100
100101111110101111110000110101
110011011101000110000000011000
001101100001110001111011110011
100011001100000001100000010001
110111010010001001000101001110
110111001010001011101010101110
101000111010000001111010101100
010111101010000001010000000000
110110101011110011101111101101
110110000110110000001000011010
100010000001011000101001000001
110101001111110010010110001101
