110101100111010110101000101010
000110101001011000000101010110
101100100010111000000110001001
000100100010101110011001101001
000111111110011110101011001101
110011110011010110011001000101
000001100110100001010010011111
100101100001101111111000001101
111010111111010100001011011010
001011100111001101110100011011
111101001101001010000100000001
111011010110001101101110011001
001001111101010011010100101111
010110001000101010110000111001
111111110100000100010000000100
001111011011001100001001001100
111100011101000000100011011111
010100101100000100101010000101
000111110010000010100100111101
000101100101100011010011010101
000101101101111001010101110110
010011110101101100101100111000
000010011010100000001001000111
111110110010011101100010111110
100101001000001001010001111000
100010100110100110011111011111
101000110000100101111010101101
011000101111100011100010000000
100001011000011111110111000101
001001011100011101001111101100
