110110010001100101101000101000
001110101111001001101101100001
001000111101010100100000000100
100001000110101101001101101011
100100110101100001010110110010
110010000001111100011101100010
010101001001001011000011101100
101101011111000110100001000111
011010010010111100101101001000
111011101100000110000100001010
110101001100111000011010000110
010010111100110011001101101100
101110010111110110111110001001
001111101010011110101001111011
100100000011111011100101101110
000100111110101001100010100110
011011101100011111100110110000
111100011111110001111011011010
111100000101100110111001000011
100000000100000001100100101000
011110100000000110111111101101
110100000001010100110101111110
110001101110100000100011011101
111101111111111010010010010000
000100101110000111000110011101
010100001001110001111010001010
100101001101100111010011101111
111110001010101101011001001000
010111010100010100101101001011
101011000001100010010110100110
