011111000000001110110110010100
011011010101101110111010001101
000001001111111010011111000001
001100010010101100011100000110
110000000000001111110101110100
100111100011110000101100100100
111001000001011110001110000001
011110001101101011011100001010
101011010001011000110110010010
001111000000110011011000111011
110101001100001011011001101100
010110111011101100101000010001
101110100111011111011100110001
011011001000001001010001110100
010011010010100011100101101010
111000110101011101000000001000
010100101011111111011010011000
001000011011100110101101001000
001111100010100111100110111110
001010111000010101111011011001
011011110100101111000000110100
110010110111111011001110001110
100110101100011111100111000110
010101110000000110010000000100
001101000011111000001001100000
001100110110001101011111111101
100001100001110000001100000011
110111110100001110110011011100
011110101001011101100000100100
001110001100110010111110010011
