000101111011010010110010001110
110011111000111101100010000000
110101100100011010110010100001
110000000100000101011001100110
110100101000011110111001011101
111110011100110110010111010011
000111010010001110001100100011
111110001010000001001010100011
000110011010011001011010001111
101100010111001111010101101010
101010011101000010010110010011
000010101000110010000100100010
010110100111000010101111000000
111011111010100010111000001001
110110111110001111011101001001
010110010010110101010000001010
110101111111011101110100001000
110101111011101101010010100000
100000000110001001001001001000
111111101010001011100000100000
011001101001101001110111011110
111001100001100011111000100111
110011110000000001101111011110
100011111111011111001010111101
110100010000111111011001010101
101011101001111011101111110000
100010010010001111101111001000
011000010100010000100101101010
011010000111110101001110010011
011001100110010101011001100000
