001110000110110001111110100111
001001001111001111100100110100
011001100100011110010100011110
001010111000001101111101000010
111001001011011111010001110110
100000010101000111010111011011
001001000100100100110010001011
000000011010001010000011111111
101100001110011001010000001011
011011111000110101101001101000
111110100011111001111101000100
001000010011001010010000100100
001110101101010000101010111011
011010000100100110111010100001
000110011101110111000011000111
101010111101101110010000111111
000000111001000101101101111001
110001101011000000110011100001
110111111010110001000100010010
001011111010110000010111111100
100111110000110101110011001001
100100010100100001001111010101
011011001000001010000011011111
011100100110010001111110100101
101011100111010001001110111100
010000000111111000010101001111
010001111000111011001100111110
111010010100000001101101101111
010001001100001001110010011110
010011100101001011100010010010
