100010111101000000101010010101
010111110000101101110100001111
100010001100110101010011010010
001110000101010111001010110110
101100000100100001101100001000
101000111011011000001101000111
001100101101111001100001111001
001100010100011100001111101101
011001011011001000001010110110
001010010001001000111000001101
100110110000101100101101011010
110100100110010011000101000000
111101110011100110111000010110
101110101011000100111010010011
111000111011100000000110010000
011011000000010100111100010111
111100010100010100000111010110
001000011111101010110001110011
110001011001010001011001000011
001111101011010001011010011100
100101011011110111010101100111
101101000000000010100000011011
110011101001111100100001101000
100110000001001000001101000101
100110110111110001111011010001
001101001110100100110010100000
100100001000011011111101010110
100110110011001000101010011010
000010101101010010100001001001
111011101000110011010011001100
