011110010100100010000111001000
010100000001011111011111011010
001101000111100010101110101110
000001101001001111010101001010
010100010110100101011011011100
001100010001101111111010001010
011001101001010101011101000000
100010101101101111011111011100
100100111101100101011011010111
100101101110011100111101010010
011110100001100001001100001111
001110110001100110111000110101
101111101110101011100101110011
101101110001001100101110111001
000100100111111001111111101010
111001001000000101100101010010
110110110001110100110010001100
110111110100111110010100101101
001010000010000111000001101011
000111101101111100001101011111
101100110000010111100011100000
000001101100011110111111100100
011100000110001101100111000110
101111000000001100011100100101
001000010110111110101100101000
100111111101111010100111000110
011000011111010001111011000011
100101000100111101110101111110
101001100000011111100000111111
100000001000100101101010100011
