111100101101101101111110000001
011111111110010110010111100110
000011001100000100101111101100
101110110000011010001000010101
110000111001110101000011110111
110011000000010100011110101111
000010100101101000111110100010
110111010011011001101010000110
010010101010001111010001110010
100101000000011001110001001100
001010010100001100011010100100
110001101000000100110000101010
111001101001000100110110010010
100100001000001010101010100001
000101000010001101010011000011
101011110101101001011100001101
110000101101111110101111011110
001100111010011101010110000011
001100110010010011111100101011
011000110111110011100110111100
110010000010010111001000100111
111000101100000001110100110100
101000000011110001011110010111
011111100100010000111110000110
000011100110011001011100101111
000111100000000110100010111011
011100000111000000100110110110
010110000001101100110111111010
111101100001010100100010110110
000111010010111011000100111110
