010101000110101100100110010011
101111110000001011100100111100
101010110110010011010001011001
111010001010001110110111000101
111001110010001010110001110010
000001110110110111010001110111
000010101001101011100100000010
100101010011100110000000011000
010010111000000010100100001010
000110001100101100100001110100
010011111110100110001011000100
100110010111111000111001111000
000100001001100000101110101001
001110100111100101111010001101
110100010101100010101111010111
101111100111101110001000000000
101000001101000100100111000111
001001001101000101011000110100
111001000000000001110000100101
110111111110111110100110000011
101110010100100100111011110100
000011101001001110110010110000
010100110011000111001011111101
110011001011101011100001010100
100111100000001101101110100011
110111010110010111100000101110
111011010110001001101101011011
010101010100111011001111111001
011001001001010110011110010100
111010100101110001111011011100
