000001110101111011001000100011
011110111010010001101000110001
011110110110001110000100011001
001100110101010100101000110111
111011111001011100100110111001
101111100001001010011000001111
101011010110001001000000101010
011101110111110110111010001000
001010011100101011000011010001
000011011101000000110010100100
001111000110111110101101100100
111000001111110000100011001010
101010101110001010011110000011
111000001001101101011100101011
100001111100100011101110011110
000000011101000000101011100111
000010010010001110000100011001
001101011001110000101111100101
101000111110111110101100111000
111110101111011001101111010010
000100010011100000000001100101
011010010111011010010010011100
001101101011010110011101111110
111111111010110001001110001101
110100111000101110100110001101
110111001001111000111000010000
010010011100100110001011100010
110000111101101011010111001000
000001110101001111111001000111
111111000110101100000111110100
