100011010100110111010111000010
100111001111101000010011100001
101010010000101001000111101111
100110000010001000001110101011
110010101110100111010011000011
010100011000010010100010111010
111101010010001111110101011101
001011100100001111000001010100
111110101010000101111100100111
001101101101110100010000111001
100000000111001111110010010001
110110010110110101111110000001
000001101111111101000011111100
111000001001111011011010101011
000101000001100100111001000010
001100110000111100100100101010
111100111110110001100001000111
100110101011110001001010011011
011000101010110011111001110101
010101001000010001111011011100
010011100110011110000001100001
011000010010011010001000100011
110010001011100010010111111100
101001000010101110001010011011
010000100000000000001111100010
011111010001001011011101111101
110100000110111000111110001101
111110100111001000010110100011
100110111111001101111100110001
110110111011010010010000111110
