100110010010110000001100001110
101000110111000110000110000001
110100001000101001110001100011
110001010100000010110001001111
111101101101011011000010111111
100111011101100111100001110100
100001010110000001111001000111
000001011111010110011101101101
110101101000100001011110011011
111011001101111110101110010101
000101111100111000110000011111
011001011100011101000101010000
001100001001100100100101100101
000010011110111101011110110110
101111011011001001101011110100
011111110110111101101000000110
000010010110111000111101010111
111011010010111010101000111110
111110000110100000110011110010
011100101111101010110111000100
111110001110111110101001011011
011100101000101100000111010011
000001011110100100000101001011
111000111011000101011000111100
100111100000100011001101101100
100100111001110111101011010100
100010101110011000011011110101
111100101010100101111010001110
100011000001111011000001110100
011110111001000001000001111101
