010001101001110100000101101001
010011000100100101000110101101
110011000111101011100000011111
100101100110011001110010010111
000101011001001000010100000000
110000101100001000100000101010
011101111000001010000000011000
110010110001001001110000010101
001011000001110101111111110101
000100110001110101001001011000
111101100010101110110110100001
101011010101110001110001110011
110011010100100101101010110101
110101110111000010010011100001
000010110100110010000010111010
011001110010000010110111001100
101000011010001111101110011110
101110001011110011000111111110
101100001100110010110100101001
100011000111100000100100100111
011111011111101101101001001101
100110011000110011011011011010
110001000110011001001001001111
110100011000000110111010110011
101010011101101001111001101010
000011010100101011001100011100
111100110001111011000101111111
010000101001011100110111110011
100110001010111000011100101101
001110000011001000001000011101
