011011011000000101011000001100
101111000111000100101100010100
101111011101010001010011100011
110000010001111001110110000100
100000000111000111011101000000
011000111001001111001111001001
001000011110010010110110110000
101101001000111100000001100111
101111100010110011010111000110
100001010110011110110010001011
100100111100101001110011111011
001100110110011101101000101110
011011010001000001110011101101
000111010000111011100111111111
001001010100000101100110101110
010100001101101111111011001001
011110100001111110001111001011
011111000010011100101101110111
101100010001100111101001111010
011000010110100101011101001111
110000110110100111101110001110
011110101111011010111010100110
010001000110111011100001101010
111000010010110110100011011010
001001010110111001001000100010
001011010000101110011010101100
111110100001110011111011001100
111101000100110000010101100010
011001010101100000001010011000
001011101110001110111001101011
