110101111011101010111100010100
111100111011010100001001011110
101111000111000000110010010100
101111100110101000100011000011
001001000000110110110000111101
001100010100110111101111100100
110101101100000010001100101101
111000100101111100100110000101
100111100101101101101110111011
101000110110101000111100101010
101110101000011011001110001010
001111010111001010110110100100
110100101011110000011000000001
101000100001100111100100000011
111110101011001101111011110100
111101010110111000000100010001
010110001100110110100011101111
001011000000001001100100001001
000101110100000101110000010000
010111101111000000000100010001
000001010101101101000000000110
100111001100011010101111001001
101100110011101100111001000101
000000000010011101011011111011
010000001101011101101101110100
010111010001000000000100000010
111111110100010101110111000110
111000000011101100111011000110
010001100101000010110010101111
011100001100011101110111011111
