010110111110101001010011010001
101000011111111111010010000000
100001100010010111101101001000
110011111010000010101101111011
011011010111111001000101011100
000101011110100000000110101111
000001110101001001101100011100
101010000010101011111010110000
101000000001100000101110010011
101001101111111100000100111100
001110111111010100010000001001
111111001010001011100110010111
001011011101011111101001111110
001001010101110001000000001010
010000111111001001100110100110
100100100100011010111101011110
010111111100010010011000000010
100001100011000011111011011110
111010101001110001000111010100
111111110111100011100001011011
100010100010000010100101111110
011011110010001011100110010111
010010000010100111010111110011
100001111110101100100011011111
110100000010110100100011111100
101011101111101110101110001000
010101011111000100100000010100
111111000010111100101000010110
100111101010100011101100011011
011111011000101101001111011000
