000110101011010111111011100001
000010000100110000010000011110
100000110101001011100100100110
111111101010010111101011110000
011000110000010111101011111111
001010101001000001111000101000
001110000101101101111111001000
100100110001111000111010110101
010011011010100101001110111001
110010110010011010011100111000
111101110010011111110010100111
110111101011111011001110101001
011010111110111000011000100101
111101010011010001100110100001
001111100101100101000001010011
011111100110111000010101101000
011100001101111000011000100111
010110101111010100101110111100
011110101101111100101101001111
011101100101000111111010110010
000000100010101101101110010111
110100100110110001010000100111
000101010011100001010111000011
001111000100010100011101101111
011101011010010100010001100101
010111011010111110010010101100
100011110101100101110010100101
110111110110111100101101111010
111100010000111010100101111011
001011011000011010101101011110
