100010110111000001110110101101
110011100011101001100110011101
111100100011101101111110001001
000111010011010001101110001001
101010100110000110110001000110
001000101110110010100101011101
010111101001011111010100010111
100010100000011000001100011011
100111111101110101111011001100
010010001010111101010100100000
001110100100100111111110100000
100001001010110100100010001110
101010101101001100101111100011
111001100010000000000111111111
000111110101011001010010010101
000101110000010011111010011110
011100000101100110111100000111
011101010111010001010101000011
110100001100110110101111010000
000011110111110101111001011010
000011110011010010100101011110
111011100011101000111101110110
110100100001000010010010110010
000100111000101111000110101100
111111100001101001000101001001
111111101011011111111100100011
011110011101111000110011010100
011100010110010010100010100000
111100010101011010111011100001
010101010110101100000101001111
