111010111100000100101110001010
001001100101011001000001111000
111101101010100111100010100110
010010101110011111101000101010
011011101010001101010000011111
001011010111001010001110001010
111000111001000000111111110101
110101001010001010101111011011
011000001111001101001111111111
011011100011100110101101011011
010101011100011011110110101111
111110111000111001100001010000
011010100110000111111000011000
001000101110111010111001010111
000110111101110110111110110001
000100011011111000110011010100
001010011011000011101110010010
100111101110001100001111100001
101110001101111101010000000110
011111001100101111101000101101
010011011100000110110110111100
000111111011010011010011010001
001000100000110100010110010101
000001111101101010100011101001
100011011110011110111000110010
100000000101011101000011001111
111101001110110000000100010011
111011111111100101001111010110
100010010000000011100110010001
111001001001101111110010011101
