001110001011011011010010000000
001000001110000000000111000110
000011010100010011000111010001
001100100111001111110000011110
001101000111101110000111101100
011010111000010110011100010111
000011000110011101101111001001
011001011000110011100101011111
000111101001111111011010110110
111000000000011101100101001011
111001111011001001110100101110
010010111111001111001101010111
001010110101101100100110010101
111110011000011101100000001001
110010100001111001000111000000
010011101100100110001011110011
100101110100011100011110010000
000011101111001110100111100111
010000100100111011101111010101
000100110010011111110111001111
100101111100001110100110000001
101101000100001111100010100100
110110000111011101010111010101
111011111011100100010110001000
100011100110001001110111010110
100010000000000001111011001010
111101101111111111010011001010
001010010111110011011110000101
111111101100101101011000110110
010000001111111100011101110110
