010111100110001101101100010000
111010000101010011000110111110
001101000110010000101001101001
001100001000000011001001111110
011100010111000001011111100001
001111011011110000111101101001
100100100001100000011010110000
110000000100111010101110010010
111100010000101011010010100001
110100000101100010111101110001
000100111001100001001101100101
100110110000010101010011110100
110000001001100101000010110111
011100101001100111111010100110
000101011011101100100000101000
110101111101100011011101110000
010100000100110000001001011110
100110001101010011111011011110
101000110010100111011101110011
010010011000011101001100100100
011100000001000100000011000010
000001101000010010101110100001
000000101010110100101100011110
110000100011011100110010111011
011001111101001010011100011010
110110000111100000100111011101
110000010000001000100011011100
011000101010101110010111010010
000000000101000000110011000011
100101010101001000100000110000
