111011101101110001010010001001
001110111110100100111010001011
001001100000111000010111000100
100001111000010110001011100110
010000000010110101011111110111
110111101011101101111010011100
000010110101111101001100011110
010011101000110000000100111001
110000110001101111100100110100
001101100000111111001001110001
011000011011101011011000101110
100100000111101011010011001011
101011000100010111001101100001
111100110110001100110010100111
000100001001010100111010101001
101011100011111100011010010011
101011101110100111101110110100
001011000111101011101101110111
100111110010001110010101001010
010011000101001001001001000110
011010101100110010010110110100
101100101111110001110110000011
011111010010110000000011011101
000001111110101000000011001110
001010001111011011111110010001
011011111000110100010101101100
111000000101010100100001010010
101011101111000000101001100110
001111110101000111000100010010
100001101011001000001011011010
