001001001000111010101100101101
101001100110110000010011100000
001001001110001110100010100110
000010101101011110111110000100
001111001101001000001100001010
011000011000011100000001100001
010101000111011001000111001000
101100001110111100110101011011
101101011001100001111001101101
010000011111001100001011000011
111011000110001011111010100000
011001110101010001101001000010
100111101100010010001011000011
111111001100011001000010111000
110010111001010111010000111000
001011100110000011010010000010
000010101111100010010010101001
001011010111011011011001011111
100111011001011011000101011001
010111011100101010001011100110
101010000001001100111011110111
100110010101011011001011011000
010101001010101001111000101111
111101101010101100110000000010
000100110010100100010100111111
001001100110110100001101110110
011000001010111110111011100010
000100001010011000101100011101
010100100011100110110101110011
101101111100000011010100010001
