001000001011110111000100110011
100000001101001100010101000010
111010010101001101110100111011
110101001111001000101001010100
001101111010011111000001110010
101010110100001110000100001011
011100011100100011110110001101
111001000001110011110011000100
000000011111110010001100111101
111101100100101100100000100011
100011110010010101010110010001
101000101110101101101011110011
111000111010101110110111101111
100001010100110111001010110110
101111111111001000110111100101
110000000110100010000001101011
101010000110100101000101101011
100110010110010111100100001110
111000111010100000001111011110
100001011101011100101100011110
001001101010100100100011100100
111011000110010100001111001011
000100011100010110101101101011
110111010101000011001101100101
011100111100110101000100011101
100000101110011010011100011101
101011110011000110111011111001
010011110010000000011101011111
100010100011110110000010110001
100101011101000010110010000100
