101110100110001001101100001110
101110010011010111001001011010
110001011011100100111000010000
100111101101001100111000110011
110111000000110000100000111001
101111000011010011001100100101
010111111001000111111001110000
000001111000110101101000001111
001101110100001110101100111111
000100000100010111001101011010
011011000110010001101100111100
010000011100110010000000010011
000110001110000111110111010000
110010000001100110111111010001
010111000110110101000011010001
110011101000011011001011101000
101010110110000111010110010101
011010111101011010100011000000
101010000011011010010100001010
001010101000111110101011001011
101101111001011100111101100001
000110101011100110110100000000
110000010100101100110000000000
100100110001010100000001000110
001010010000001000100011111110
010011000100111100110110011000
110111001110011010110011011001
010010010110010110101000110100
100100100000101010011000101010
100011011100100010111011101100
