001101000101001010011111110000
011001111001101000100000001111
010000111101101101111001010110
110111000110000111101101101110
000101101001000011111100101111
001100110001100111010011010000
000000011010100010001000010011
110011001100000101010101111010
000100011101111011100101010001
001011111001100100010010110111
110010000100110100001100101110
010100111010010010001011000110
001100111001011111001000111101
001001010110110010000100010001
101011111110000101100110100000
101100101100000110111101010000
000000010000000110101100001110
110010111111001101101100110010
000001010110100011110011000011
010111101111011000000111101110
011111000000011101111000000000
011011000001101000101110100101
000101001011010110101011110011
011001001110000101100100110110
110111101111010011010011010011
001110101111101110001111111101
111001010001111010010010001101
000010101110110110111100110100
011011000100111110011011110101
010010001111111001100101110010
