111010010001111001011111101001
011010000111110011001100001111
001010101111010000000110111111
100111001000101100101011000100
000001110000111000110110000101
100111011100111001001011100010
010100011101011100110111001101
010111010101000001100100111000
100110010110011010010101011101
111100010000011110010101100101
111110111110001011010100011110
101011010110011111100100011111
101010101100111000000011101001
101110111100000010100001101010
111001100111100111001001010111
110111111110101011001010001011
101000111100111011111010000000
110010001000110100000101110011
100011001101000100100101001001
110110110001111010001001111001
011011110111010100000110001011
011100110111001100100010110010
111110011110101011000110001110
011100000001101011010110110011
011101011000111101000101001011
110110101010010010111000111001
111000111010010010010010011011
010010011101001110100010111101
110010101100111001000000001101
100111001001010100000010100000
