001010101101101010111111001000
101000101111010100111101111111
010000001000001010001011011010
010000011001000110110010001101
110101111011001011111111010111
011011110100011000111001001101
100100110011111011101110101001
100111100101010010101111010000
101100010110110110000110110011
011010001111100100100011101001
101101101010010100001100011100
111110001110000000001111110101
101000001111011100000011001000
100111001011111101000010011111
110101110010100110011001111100
110010011011110101110110100100
111000111000101001100011110101
001011000111011011000011111001
101101001000010100000101001011
101110000101010100111110110101
101000010000010011010000100001
001011110011101111001100101010
000100010110000111011100011100
001010100010111010010100000001
110101101111111111111010100110
111110111011010100110000111111
100010110101010011110111100001
011001000001111000000111100111
111100100000000101000111111000
100010101000010101000110000011
