101101011111110001101111110000
010110000010001101110110010010
101111111101000101011101001000
100110111011010111000111111010
101000011101011101000110011000
011010101101100001101000010000
010111110001111111011110010101
111100100010010011010100000101
111100000110011111000111010101
101111111011001100011010100111
100011111111101101010010100010
000010111010110111011010111101
110111011110100010111010111011
010011010001001111110111101011
011001110011010010010111011000
010010111101100110010101011000
111110001001110100010000111111
110011000110110101011101000000
010001001010111110100111111000
011110101111011010011110011111
111111101001011010011011100010
111100011000101111001010011100
101000110101010101101001110100
101111100010001001100001011000
001110001010110100100110010011
101101010101111001011000001110
101100100111101101111101001000
010011000001000011000111001000
111001001000101110011011100010
010000011010110101000100101010
