100111001000101000000000001010
110000101111001000100100110110
100101101000010001010101000111
111101011111111010010000010111
100010001001011001011000111010
110100001101111101010000000000
000110100101001000110011111011
110010111001001000010001010101
100110100011001001101111100011
111001101101011100111011000000
100110010010000001110100001000
001100110011011111010011110000
111101000110010001101000011011
010110010111001000101101101001
001010010011000110101010011101
111111110001110001001011010101
001001010100110110100100010111
100111101101111001101110111110
111000010011001001111110010010
111101100010101101110000010001
101001110110011001011111001100
101101011111010111011011011010
010000011111011101010111001101
110011111111001111110110010010
100011111001101000111000000001
101101011110110111110001111111
100010000110011011010111010011
011110011110000010111100110011
111100001110101001110010110110
001001101000011101001111010001
