111100001110100010110010111110
111011101110100111000010100101
100110101011010110110100001111
011010101000011001100011110001
110101011011101101110111001001
011101001001101010010011100001
110001110101111001100101111101
110010101100010010101011110100
010000100011010100101100110111
011001110010000100000101100000
011110101101000111100001000100
001111110111001011011111011011
111001010101101010100101001110
000000101010011100110010100000
100000101100111011010000010011
111100110001100011000100000000
101100101000111000010000110000
111101101100110111011010000000
110101111001100101101110111011
010101011000100000100111110100
011000101000011000011010010000
111011011000010001110111001000
101101110011100100001100010100
000101101001100110010011000110
010011111110110000110110010001
100000101111000110010100001101
001000010111100110100111011011
001000011001111111100001010011
001001001100111010111101111010
111111110001111101001101010111
