111111100000100110001110011001
100001011111101001001110001101
101010100111000110111010111101
110010100100001010011111011010
011010001010110101111110011100
011000010001101101000011001111
101101110100110100001001110010
101110100101101001100110000101
010011011100001001111010100000
011111101101010110101001100111
010000110010011010001000101101
100111010001110001011011011001
101100001010000110001011001011
010100110101100100111001001010
101101100111111010101110100011
101001000101011010001001001101
100011101010000000011101101101
001101011111111011001001010011
100010011010010100110010101111
010001000110010010111111001011
001110111100011111111010110100
110111101001110010110011110001
001111011111010010011000001110
110000001011000101110111001011
010010001100001011110010110010
100101010011110100111110011001
010011010110111011100100010010
011001111110011111000100011010
000000101101000100100011010110
010101100011011101010111101101
