001010100100001111000010001101
010110100010000011110010000000
011010001011110001111111000101
001000111100111101111011001111
101000011111010101100001010010
000011000001001101010111001011
011011001010000000111001101010
111000101110111011100011010000
000101111010001001010000001000
010011011110000011110100000101
101001101000111101101110000010
101111101000010100011101011001
011111010010110110001010011000
011001111101100111110001101111
010100011111101111001000101011
111011000011101010000110101110
111010100001000100100010010111
011101010011111100111111100110
100011001011111111101000111011
110111110101011000000100100010
001010100110011110010011101100
101011111111101000010010100011
011110000110011110010010010100
110101010100111000011100000100
000100111011111000110110011011
001101011100101001111011001011
101111010000010000001000010001
010111001000001010101101010110
010001111010111010110110000111
000010111011001110100011010010
