111001100010101011010000110010
010111111101101010101010001001
000100001101100001111110111010
110101010011111101111000111111
101000000001011110010101101111
110010111110101100111001010010
100100011111101010011000000010
110000000001100100010111001010
011011101010100011001110100100
011010101101101100110010011000
010110010000000101011011100001
001001011100110110010001110101
001110011000101100110011001000
111001101110010001001101100110
101111010001001100110000110011
000000001111111010111101110001
010101001111001100111001000000
000011110101111000111111111001
110000111100111101100001110111
011100100101011010100111010101
001101110000000100111101010100
101111101111001011101001010101
110101010101110110010101011110
100011010110100001000001011010
010001000101000110101011010000
011000101000000110010101000000
011100111000111010100001000101
100111100000010110101001011001
010010000101001111001110000101
010011100010100101101000000011
