101010110111011111110110011100
101010011010101010011010000001
010101001111101101111100100100
011101011101101011001010011101
001110110011101110100100111011
100011101000110001010000001100
111101011011001101001011101111
100000100100010010010011101010
001000111010011111111101000100
111101101101110010101001111100
001011100100000110000111011101
001010011111101011001101011111
000110101011000111000111001111
100100011101111000111001000100
111011011111011001110000010000
111000100111000000011100100110
011100010000000000001111110110
011010110100001101010010111011
001110111010101001011110000001
101110101010110001000000000011
110000010000001010010010100010
111011010101101001000000011101
110100111100001110010011001001
101111011101000011110001000010
010111110110011101101100010110
111101011101010001001000100000
000101110001100111011010100001
011010100000010100011011000000
011110111101111100001000000000
111100101111000111001001110100
