001110001001111010100001010100
000001110100011100001010010110
010010100010101111100111100100
110111001011100110000001110100
101001010100100101101101010001
110001110010111110010111000100
010000000100101111101100000110
101101101100110001011011011100
011100100000111010010000010011
100101111100011101101000010111
000100111001110000010111110001
000010101111011011111010011010
000110110010110100111010110001
110100010111101100000101011011
111001000001100101011010001111
111010111000010011101111001010
001011110000100000000100000100
000110111010000110011100011111
100001000100010111110011011111
001001010101101000011000001110
110111001010101001011010100100
000010011101100101000110100001
100000000010101010110010100000
110111111011111111000000000111
001110011101110110100111100001
101101110011001011111011010000
100101010010001010101111001111
101011011111011111100000010010
010001101010111000111110010110
010011000110001110011110000001
