101101111000111110111100101001
111011111100101101111011010110
011010110100011010001100110010
100111110000011001101100111011
001100000010011110111101001000
001000111110011010110000110000
110001000000011101111110010100
111011100000011101011010110011
100100111001111011000100110101
101111000010101101001000011110
110101111110110110110010011010
010101101101111100100101010110
100000100011110111100000010110
101110101000010100001111110011
000100111011101000000100111011
011011101011111010011101011110
000010000011100001110110101010
110110110100011111000010111110
011101101011100011111011011101
111110101111100000010001100010
101101110110001001100000101110
011111101011011111000001000011
001000110111111111101101000111
010000011111111001101100011110
101101100110110011010111110111
001101011011110011111111110000
011111011011110001000001001111
110110100110111110011011011010
111111001010110100110011010000
001110011111111011010101110100
