110100111010000100101110101100
101011011000100100011110011111
111001101011101110010011100011
011010100000010001101011110000
111101011011111101010110011001
000010100111011000001101100000
000000111011011110010111000000
100001100000100101001001001010
100110111000000000110111100111
010001100101010010001111011001
100101010101011101010000010100
011010011000100011101101001111
110010010111010011010110010111
100011100011001010100011001010
000011000101100111110000011011
001101001111000111000110101110
101010011100111010111011001010
000100010010000001101011100110
110001100101011111100110100001
110001111011011000010000100100
101011000000101101111010100101
110111110000100010111000110111
010010011011001100001010011011
001000110000001001010000110010
000000101010110011011101011010
101001101110110111110011111100
101010001101110001010101110101
101110000110111110100011001010
011111111111111011100111110100
010011100111111010001001101110
