000101101111001110111001101111
110010001110011001100000110001
100000101011001000101001001101
000010010110001001110011010101
111000010011100100001011100010
001011011001111101011111001001
011000000000001100110000000110
111001010110011000001010000010
000110110110100011000110111100
010100111001001101000001101110
110101110000011010011000110110
100110010011001100001010110101
011111100110100001111001101001
100001001100011111100101110000
100100001101100011010000100110
101000010101010010011110100001
011101110100110000101101000001
101101000101000000101110011000
110100011001111111110101101011
011011111001000101110011000101
101001110000111010011000100100
101111011000010011000101001110
001010100110001010000100010101
101111101011111001100100111011
011010001100001111000111010101
101101111000001100010001111000
010001100110011011000010011111
100010000001111010100110011000
010101000110001111010011010110
111100111101101011110101111000
