110100110111010100000000001011
011001001100011001010110011100
010110101101000010110001000010
110110111101110111011101001100
011110100100110100111001100111
100000010101111000111101100111
011000111101110111111001001011
000011001110011010011111110100
011100001110101110111100111000
110111011100111111101110011010
100101000100110010111000100000
011001000010110010111100110110
011111000000000000101011001010
100011010100000110100000001110
110110010111000001000101000110
011001101011101000101010110010
100110100001001100001001010000
010011111100100011001010100001
100010001001111000000010110101
010100110010000001110110101101
011000100000110001100001011001
100010010100111010111001100100
111111001110010001001101100111
110000011101110001101111011000
011001111000010101100101001110
101111011101111101001010110101
100100001111000100010000111000
111001001011110010101110110000
010000101000011100010101010111
100000101000011011101100100100
