110111101111000010100101111010
100001001010110010111010001100
000111000101011111011001110011
001010000010000001011110101100
101000000111010001111111100010
100100001010111100111110010000
010100010101111011000001010001
110101011100001000111100001100
100011011001101000100001000010
010101010111001001111111000010
100000100111111001001001101000
000101110100111100000000110101
001100110101101111111100111101
001000110011001100100100001100
111100111100001011000000011101
011100110111010100110011011000
110011011011000010111000111000
100001111101011101101011010010
111101100011001100100111101010
110001111111101011100010100110
110010101010001111110110011010
100010101011001100000100001011
100110100001111011011101110001
000001101000010011000000011110
011111101001011111001111011100
011111100010000100001110101111
010010011101111001101100011000
001011110110000101001000111011
100101000011100100101011001110
001011001011010100111000011111
