100011001000000001101111111101
110011111110110000011010110000
011100111000111000001110101101
010101010100111110001000010100
110101010110000110001101001111
010010100000000111001110111101
111010101001010001011101010010
100101001010111101100101111111
100110101111001101000110101010
111110111010010010000100110010
110101001111101101101010010111
000001011101100011101110000110
100001111100101100101100110000
100110011101001001011111000111
101111001011101010011111011011
110000001010111010111100101111
000010010100000000101000001110
000110001010100101111001010101
001011011110010011000100111110
101111011001011100000100100001
010011000100111010100110111001
010100111100110110000110110111
000111100001101110000001010111
001011011011110011110000000111
010111000011110011110010010011
000000011010111101100010000110
000011100101010111100110111011
101110001001100100101100110101
100101110101110001011011001001
011100110010100101111010101010
