100110100011010001100010011111
100011001100001001110001101001
000111101011001110011101111011
100000111001110100100011111011
010111011011000010000111010001
001000110101011011011000010011
001111000101000110101010101011
011010100111010001111110110100
000100101100000001111110110011
001100000010001100010001001101
100110110111000111000100010110
011110111101101011100011110111
110010101011010001000100101111
101011011100001110100000110100
000111110011011110010100001110
100011110000011011010010000101
011111110110000111000110100011
000111001000110111001101010001
000101100000001011010100001010
100110000110011011011000000101
101101101010110001010010100010
111111110110110010110001101111
000100110111001101010100101110
000100000010101001101000110000
001010100010101111111001100010
111110111010000101000101111001
111111011001010111110100101110
000001110110101101100100001000
101001000000011100010010000100
101101001000111110001111101110
