110001011101010000011110110100
111000100101110000011011110001
111010001101110001011111101110
000010100001010010010111001101
011010001011011001001101001011
100111110110100101011110101111
101011001010010011100101100110
010011000010010010001011101001
000100000110101000010011011101
010100110011011110000011011010
110010111110100000010100111101
011100100101101011111110110001
110001110100001111100100001101
100100010110001010100001000100
010101000001100011110000110001
101101000011010000101111011101
010001100010100100000111111110
001011100001110000101001100111
010101111100100000101111100100
100110100010110001110001110101
011110101000001101010110011111
111111001011111000100111101011
110000101111001000100100100100
011110011100101110100100011001
100000110110011110100000001001
101000100110000001110010010101
011111110101100011011111100110
010110000001011001111001110000
111111110010111011001000010011
001101101000101101111100111111
