111110000101001011110101111011
100100001010011001111010111111
001011101001000111000111101000
100111001100001110001111111101
000000100010100000011010001111
100000001110110110001011011010
100011001011100001011011111010
100100111010110000001000111000
011110011001111111110100001111
101100101111001010100100001001
101111100100110101111000101100
111100011000101101000110110000
100111101101011111111110100111
000110111110110000000100011110
110001110011011010011001001000
110011010110101100110011010100
100100010010101101000110010010
001111101111111101010000100011
110110000010100100000001000101
111001001001001110110101100001
100111011011101101010101000010
001010100111010110011011011010
100101100011001000110101011000
101010101010000101101101101011
000100001100000011011010011101
110110111101110001100011010010
100110111011001110011000011111
111101011111011001010001111101
101111000010000011101100111110
100011101110010101011101001110
