010010011011100101101001110001
010011111010010010010111000000
111111010101110000101111001010
010111010000101100011101001100
010110110000000100000000101110
111000011001110010001101011110
110010111011001101010100111001
111001111100100011011110101011
111111100001101100010010100101
011100111010100010001110010001
110010110111000001101111101010
110001010100010001100001101001
111101110011010010101110111100
100110010011110111000111010111
100010100111011101001100010000
000100011110110101011100011000
111001111011110100101000001010
000101010101001010100111111101
000000100011110101011010101010
110101101000001010010010000111
111001101110001111001000111101
010010111011101000001110110111
011010000001111101011110011010
100100101001000010011111111011
011000101010001111001010000111
010111010101100000110101000010
111011011011011011100111010000
110000111111000000101110001011
101100000110001010110100001101
100111110111011111111101100011
