111011111101000000000011000111
011011001011101111000011011010
100011011110000000000000100100
011110110000010001110010000111
110110010000111000100011010000
100110010010001101011110101111
010000001001110011010100011000
001111101010010100100010011010
001010110111011100001010001010
111000011001110000101111001111
001000101111000011001101110110
011100000000110100111011000000
011110000001101000110000111010
110011111000001111110011101000
011000110111010111000010111011
111010111011111011010011010000
010110101110100101011011110100
111100100000100001010100111100
100110110001011001010011010110
001101101001010111111101011100
101000001110110100101001011110
101011100101111001001101100011
001010100111111100110001110111
011101100001111101000011110010
110000110010001011111010110111
111000101111101100111011000000
000100110101010010000011000001
111100001100111000011100000000
110011010011000010000000001010
001001111110110010110101110000
