110101010001000110100101010101
110001100110001011011000001011
100111001000001110001101111111
110010110100111001000111011010
000111000110001010001001011101
110110010110100100100011010001
000000001010011101110111110101
001110011100110100001000100011
101001001010011100011011100110
110110001111010110011011001100
010011100111101110111110000101
011110100101110100000100100101
001110100100100110111011010100
000001100011001100101000111011
101011110011111111111011111101
111011100111101000011010110000
101110101100001011111100101010
010000100101111011001000110001
000001000010000101100000111001
101001111011100010001101001110
011100011011111000011011101000
111010111100110101010101101011
010010100110001111011100011110
000011110100000011110001110101
101010011011001110011111110010
100000111000010010100100101101
000010010100000010010000111001
011100101111110101000100111000
110000101001100011010010001101
100011001010001011011111011011
