001001001101000111110000101001
101010010001100011110111000100
100011101101101010100000111011
011010000111110001101100100011
101011011100010110101100000110
111001010010100010001101011001
000110110110001000100110101100
010011110001110011011101000010
100111010111101110000100110000
011010001100100010100001100001
011110001111010101001010010000
010010100001100111000100110100
000010100010011000001001100011
000101100101110010111101011011
101000011110011000011011001100
111110101010010001111000100000
100010101110011110110110001001
000111010000010000011001100001
100101111010100011000011000000
010010000111001010101111110011
000100011000000011000001000101
001100000101000001001001101110
011000011001010100000010000110
110110100010110101100010110000
001101001101000011000010101100
111111110011101010010101111001
111011011110101100000011000110
000000001101010011100010111110
010111011110001111001110110001
010101101011010101101001111011
