001011110100010111101011100011
100011101100010111101101100110
101011011100001010011110001000
011110110001010000101011001000
001101010011001111111000000000
011010001110101110101111011110
000011011001111010100000000001
011110110001001100001111001000
001100111001111001010010110101
000101101111111100111001111000
111111110100111010010100100111
110110000000000110111011100111
001100010010010110011111110010
010001011000110000110111100101
001001100101111010000110100100
001101110000101110011011110111
000101111010110101001101010011
000101000101111011100000011111
011110111001101101100101011001
110111100111100100010001111010
100111101010110111000011111010
100111111111001100100001000011
110010001101011110110001001101
001000011101001100100111111011
101010101001010110000100010010
011100001001101001111000011110
110010110110110110010000110111
001110100110101100111000100001
101111000000000010111011001000
011111001011100100010111111000
