100010100010111000011000110001
100001001001101011100001000110
001001011100010001010000101110
010000111001001001000101110101
000101100111001110111000111100
001101100001110011110000100000
000110110001000000100010111011
111101101000100111100011100101
011000101110101001000001101001
111000000011101000011000100111
000000000111100011111100011001
101100101001101100110000111111
001110110111010010100000100100
010010011011000110101000010101
101101010111101000001110011010
101110010010100011100101111110
111010111100110101001001111100
101111001001111110110111011011
010000001110001110011111100110
101000011011000100100011001000
010000100010010110000010101000
100100011011101010111000000100
101111110011101010001000010011
100001011000100001010111110100
011001000011000111111001000101
100000000110101010011101001100
111011110001000101100100100000
001110000110001101100011000110
010001101100101100010100010011
011011101101100000000000000111
