000111100100111000101100011100
110100101100100011010111101011
010000111001101000011101011000
001111111100010111011100011100
110010000010001100010001100100
000001101000001000010100000001
010111100100101011111000100011
110010011000110100110011100100
111000010011011100111010000100
101110000001011000010011101101
000010010010001011001100101111
000001000100011001101011011011
111111110011001110100110100110
100000111110111001001111001010
100111110001001110100011110111
110110011011000101110001111010
110111100010000011110101111011
010100110011111000001000111000
000111010010111000101001100001
110011011000010101000000001110
101001000111011111111000100000
011011100010101100101110001011
000100010001000100011011101010
101100100011111110000111110110
011011100110100101110010001110
010111111100011100100011001011
100100111011011011111101101101
001011111001010100111111001100
100001110000110101010000111110
011000000000111011011100001010
