010111110011000001001000001100
000001010010100001011010010001
111000011000001011110110111011
100110101000011110101010100000
101001101010001100111100111000
110001001001000000011110110010
010000011101100111010011100101
110110010000101111011101001111
011010011100000000000011001010
011110110110100011100011101001
101101010101101000011101000000
101101000000110101111000000001
110010101100000100110110000001
111111101101010111001011010111
010010100010001100010001000011
111000100111000111000000110110
111111111110010010100010010110
001101110010011000100100011100
111110010001011111000111001100
010111010001001100011110111001
011111111110101101001101110110
000010110000110011011010000011
010111101010101011011011100101
001011111010101011001000101110
101101010101000011101000100010
010001001000001000011000101010
011100011000000010101000110100
001001110001001000011111001101
011001110000101000100010010011
001111000010110001101000111111
