010110010001111110011001000111
101011100110010011001110001101
001100101110110000111110000110
100000110100010011011110000010
010011100100000010100011001100
100000100001101010111001011001
010000000110111000001110101011
000101010110011101100101000000
100110111010000001011000000010
100011111101000100110010100100
010011000000010110011011110110
111110110110100000000100101000
001111100101010110101011011111
111101100000110011001011100100
011101001100010000011000001100
101110001001110000101100010001
101001010101101110001011010111
010010001011000100000011000010
100111011010000000001100010000
101000011101010100110101000000
101001010011011100111100010000
011101001111111010111110000101
001011111111011101001000001111
101000111100010000100111101011
101011010010111100011111010101
100110110001100010111110110010
000110111001101111000111101111
101010011101110100001000010010
100100000001000101101111111101
001001010011001111110110111001
