101000111011111000111011011110
010001000010010000110001011101
000110001011111010010010110000
100111010111000111011001101001
110001110000110000010001011110
011000101101000001000010001100
000000100110000100111110100010
001001011001010010101101110110
001011010011110000111000110011
111100110000000101010010100110
110110100111111000000101110011
110010011000000000001011100000
110101111010000011111111000001
001111011001100000000100001001
110011100011101110111001001111
111000101010110101010010111000
001000110110010110111111001110
011100000111110001011111010111
111000000001110011101000010001
110010011011101101101111011101
101101010001011001110101011001
110010100110101011110000000000
110000101000010010101010011000
011011001101111110010111001010
100001001110111101010011100100
001101111001110001000001100110
101001111001101010111101010011
001101100101110010010011010011
000111001001000110101111110000
111000010001001000010101010011
