101011010011011111001111100010
101101101100011100001111100010
101011110001110001100101111001
101101000101110100111100010011
111100011101000100001001001010
011010110110111101110000101110
010010101101001010101011000110
101101101000110111110011110110
010111111011100110000110010111
100011010011101100100100011001
010000000100001101110000111000
000010100001010110101100111101
000111111111101000100110000001
101111011111110101101110111011
110010111111010101000010110001
101101010000010110001011011111
000100101100010000110100110010
100011000010001110101000101011
011111110001111001101000100101
100011100011010100111011111001
000000110000100100001011001101
100010111000011001000110111000
001101100101000110111100110111
000001000010000011010110101000
000000000100011011010111111011
000110011011101111001110111110
000110000000111110111111001010
000110100000001110110000001101
100010001100101011111000110111
101001111101111011000111010000
