110101101110010111010110011000
010011110110000011100000101100
011100010001000111100101000110
000101001100011001011111101000
010111011001011100001001111100
001111111001001011100111101100
000110000000010100000110110011
000111010111111110001000111110
110010011011010011101011010110
011111101111001000101110110001
000101000010011100100101101110
001111001000001010010011010011
010100011011110111000000100111
110000010110101101101001010000
101101101100101111111010111010
010110000010000001001000101001
001110011010000000011010000000
111001110101100101010110011110
111000111011010101010000001101
000111101111011000001111100011
101110010100101011111001111000
111111110101101010110000110011
111011110011001001100110001001
000000111000101001010111111100
010010111101000110100001111001
101100010001100110101100011010
000111011111000010101001101101
100010110110111010010100110011
001100000100010100101000000110
111111000111110011101111110100
