100110111000010111011110110000
010010010011010100110010101000
010110100110101111110100101111
100001100101000011010000000101
000000011110101000001111110011
111011101011101110110101000000
000100101101110010101111110110
010111110011101011100011101010
010101100011010001110101011111
000011101001101001001111100111
100111100000110101011001100001
100101010000001011101100101101
000110101101011000101100100010
111000101100010011110101000100
110110011011011111101101000101
100010011111001111101011101001
111000011010001101101101111110
100111010001101101011000111011
000101100011010111100110001110
110111110101111010111101110100
010111110001110001000011101010
111001111001110110011000011001
010011100100110110110011101000
110001101000011010010110010110
010100111010110001110010000110
000010110010001100101011001010
010010001010010010010101010101
011001001001000101101000101000
001010111000000010110011010011
101111001110100001111010011100
