110001010001011110101100111100
010110101111011110110101001100
010100100100000100111011101011
000000110100011001010000010111
111111000100011101100111100100
111000000111110000011001011001
101011100001000111000101001001
110100110101001001001011100110
101011010001001100100111010110
000011000011010011111010010000
001011010010001111100001100011
111111100110100010110101000010
101011110001110010001100101010
001000011010000000111100111010
110010111000011100101111111010
001111101010100100001111011111
100000110101110111000001100111
101000111111111010011111001011
011111111100100100111011000111
110110111111111100000101000001
101110001111000000001111011111
100001101101001101110011011101
101101101100010010111111101101
010101101000000010111110001011
011011111000111000111000101001
110011111100100111000011001110
010101001100001000111001000000
101001100000111100011101011010
101111001111011010001000001101
010111110001010000011011011011
