011110010010000000101011011101
100100110100010100010000100001
101011111010110111101010101000
000000101110001001010110011010
101010010010111001111011010111
011000000011110111110001011101
001101101001111111111011100010
010000101101111100111000000000
000011111101100011001100010101
010000000001110101000001011011
101010101000000011100010110100
011110000000001100000110101100
101111100100111101010000001010
011100011000000101010011110000
010101001101100000111101100010
100000100100011100001000001010
101001110001101001110010011110
111000101011010001000010001010
110110110100101110110101001001
100110111011101111101111011111
000001111100110110101001110111
000010010110100111110001101010
000101111001010000011010100011
010110011110010001010001111001
000100001110100001001010001111
001100010101110111100100011010
000000110100111000010100101101
110011011010011011110000100111
011110010000110011011110000100
100000011111100000001111011000
