111100111010011101110011010011
001011010110110101001011001000
111101111110000101111001101111
010110100100111101100110010101
101111111001001101010100001010
111101110010000110011101011011
010110001110110100101011100110
111110000010110010100111001011
010010110101101011001010010001
010001000011110010001001011110
001110110000000100001010111001
011001100111111010010101110010
000011100101111001111001100111
100010000000101000111001000010
010011111110110011111000011111
010111011111011101101000111111
010010001010010001000001100010
111111110001111010010010111010
001101000011000011101010111010
001010011100111111000011110011
100000101101111000010111101000
111110110001111000001000111110
001000110110110000010101100100
011011011001011101010100001010
101011001011110100011110101011
011000111011100111010100110101
100000011101101001001101111110
010100001000011010101001010010
000110110001010010101000001111
111110010110110011101111100101
