000110001001100111001011000111
101110110001011101100001111010
101000111011000001010111101000
111000100011101111111100100110
111000111001110001100011011100
111111000111100001010011110100
100001101001111100101100100011
010111101010001110000000011110
000000011101000111010001011011
100000101100000101111010100111
011101011011100000100011111101
110101001100101000010111110000
100101110110001010100100010110
001101100011111111011100101111
011111110111010001100001111010
101011101011111110001001010101
100111001001110011110100110110
011011011100111111111000001001
000100100110010001111000010100
010111100111101101001000011101
000001110110110100000101101010
110000001011000110101000001111
010110000001111011101110001010
011111100011000011110111010000
000100010010011100011100101011
000010000000110111010100011011
011010001110010111000001011010
011110011010100001110010011000
010110101000000011111110110101
001111101101100001101011101110
