101101111100110001101111000001
100110001111011110111001000001
110100110000000100001001011001
100001000110110101100000100100
101010011010110011001001101000
000110101101001110111010111111
010101001101101011010011000101
011001011110000100011011001011
000101101001001000100100110101
011001101110010011001111111111
111100100001110111001111110100
011110111011010101000000110111
010001110011011100100100011100
101110111111000001110111011100
100111111101010010100011110010
111001101011001100111000010111
000001110000000111111101000000
101110110110000110010110101010
000000000100001111111000010000
111011000000000011101100110100
000101001001000010011110111010
110000110001010000110000100001
001100000101011010111100100100
100011100000111100101011001100
010110010001111010111101011101
011111100001111101001111010110
011000101000011011100010011000
101011101011100011110111011101
000101100100111100100010011101
100010001000010001010111010011
