010101101011100110110101001111
010110110000100010110110001100
000111110101000111010011001101
010110101110000100100111100011
100101101000011101100011000000
100010100010001001110111001101
010001010110001111111111011000
100011101111101011010101000101
101111111001101111100100001011
100111101000100001110111011011
010110101011110000110100000100
001001100111101011010010110100
110111000010000001111111110001
000000110101010011001111010001
101011010001101010010110011001
001110110010010111001010011101
011010110101010111111101111101
110111100110000101110110101011
000001000001100110011101101110
001110011010111101100100101001
101110111000111001000111101011
011000111000010001010101101010
000000111101011101011000000110
101100011110110010011010001011
101000001000100011000010110110
001001011011100111101011100000
010011100001010010010000011010
100110111001001001010110011000
110101100001110000011011110111
010111100010111101000011010100
