011100111011011101111000110011
011010111010101100101001111011
111011001111011010111001100100
000110000010111001000000111011
110100010111010011101100111100
001000000010101001100100100110
101111101001010110001011010100
010001111110011000010000011000
110101010001011010101100010010
101110111110110000010101111000
001000000111001011111111010000
110111100111110011111010111000
101111001001010001001010111110
001100110001011110010000000100
010111010011000111011110011100
000111101010011001010100110001
010110111000011001100001001001
111101101011010110111000001111
010011110110000011111010110101
111111010011010100101101110101
001000111101110000001101011101
111000001010010000101110001011
000110001100010001010101010011
111111010000011100111101100110
101000100111010110010101100010
011011010100101010111010010111
110010000100110000110011111111
111000111100101011111100010110
011010100010110110000101010110
011100101111101010010001010001
