110111101000110001001000001110
110110111000000101110110011011
110101100111010110111001000110
101100101010010010100000100000
100010000010011101111100100110
101001000111101100001000101011
100010001111001110100001010011
011000000100101001110000100001
011011000010110110110101110000
010000111101101001010101111100
011000010100001011101010101011
100101110100000010111001010110
011011111011001010110111101010
011111000111101101010111011000
100110011111011001001101001101
011100100111111010101001111101
001000001000110011010001010011
011110000111100010100110001110
001011100110100110111110000000
010011101000111110010000001100
001011100111100100001011011001
010001111001000100111111001111
101101001100001110100000011100
001011101010101100001110010011
011101100110111100111000100010
110100110110010001000011101001
100011010011100100001110111010
111010010010000001100110101100
011010011010100100000010001100
101100011011111111010100011000
