101110011101110101010101001011
110101010000001111110110100101
100010100100110010001100001111
100011100000000111111011110110
100110011100011100000111110100
110001110010011001100100010000
011100101011110100011000000101
001111110101001111000111011101
001011001001110101101101010111
101011000110100011110100101110
011001001110100100011101001101
100001111000001101101000000101
110111101101011101110101011100
100011010001001110010100011100
111101000111001100111110111101
110100111101101011001011010110
010001010010001101110000100101
000000000101101111001101010001
010100010110101001100110101111
000100000000000011000000111111
001110011110100001110100101010
011100101110011010111011101100
101111110011001111001111110110
011111001101001111110001101001
110011101011110111011011010110
100001001101100110000001010100
101111011001110000101111011011
001101101010111100010101100011
100000111100001110000011010110
010010001011111001011101001000
