011110001110110111000110101010
010111100100010111010110110001
110101110010110011100001110111
000011001101100000100011100111
111010001011100000011100000111
111101000110101010000000010011
001000110001000010000001011111
001110010010110110101100000100
010100000001100001010010101111
000001000110011100001100011111
001011100110010101000111100001
011110101001111011000010101001
101100011111000010111000010101
011101111111110111101001010100
100100011000001100111111010010
000011100101011101010110000010
001100011010000010001011101001
111110011001001111101101110100
100110001010110010100011000110
110010010001001000001000001011
100110111010010101000001100001
110100101001100101101010011010
000001110101001010110011001100
111101010111011111011110011011
000000110000100011101111001010
010001111101111110110110111010
011011010110110100110001100000
111000101001101111100011000001
101101001100011010110000100111
100100110100100100010110110111
