011000001001100001100101001000
110000000101110011100110110101
001010100100100000011110110011
000011001110110001010101101100
101101101100101011110000011100
100010101000100110110010111010
001001001101000011111101100101
011010010110110111110010111011
011101111100000110010010010110
101010010001110001111101011010
000001100101001011100001000100
101011011000100010010001111110
000100000001110000110001111110
010100011001101011010111100101
111110010101000100001101101001
110000010110100111111100000001
000000001000100001110011101011
001010100111011000010001010111
010000001110111001101100010011
111101101010001001101101010111
000000001001111000111111110001
101011110011100100011000101010
111110101000000101101000111100
110101000001110100101011011111
111111110001010101011101011110
001100000101010000100001110110
110011011100011001101111101001
000111101101101110110011001111
110111010100101011110101011011
111110101011010011111110111011
