001101011001110100000000110111
001001001010011110001011010001
111010111111100011111000001100
100110111000000000111110000011
000100110111001011100011101100
100101010110111101010000011000
101101111110101100100101101000
111001110011111101101110100111
100000101101101011001100110000
001011001001010111110111111000
111110101011001010011110111100
010100010011001000010011000000
010100100101001001000001111000
101001101001001011001101111011
001100010101010001010001001010
111001110000010001110101101101
001000000111101100101100100000
111111101011010101000100100000
111111100011110110001001010010
010000001101111101011101100100
100000010100111000010100001001
100111111110001101011010110001
000010110010010111110111101000
001111001000100000111000100011
100000010100011110010110001010
100111001111010011101001101101
001101101001000010100110000110
101000110100011010001001100010
100000111000010110100011110110
000100000001010000000111010000
