010001101010011011100000110011
111001001111110100100101001010
100000110001000101000000110101
101010101110001011010100111101
111011111011100010100110101100
101010101001011100100110011111
111001101011101110111010110000
001010000100100100000011010111
111001010011001001110000000111
100011001011100001000010100100
000001011101111000001000100110
010011010101100001101111101111
101101011001101000011111110101
011000010010100011101111010110
001100111110101110000011010011
010000011000000100111100001011
100111110001101100111001101110
011000010100001101110101000111
101110010111000110111101111111
111010011100111110010011110100
000101110110010101101111011110
110000001010111011000000110110
110101010011010001001010001111
000010100111011000001100100101
101010101110111000100000001010
101100110001000010101000100100
111111110111000100101100101100
101110010110001101101110110101
001100110101110100000101110110
001101101111111011010110001100
