110001010110010101001101101000
101011111010000010010101001100
011010000100100001111010101110
000010001011111000100000100001
010101000110111100010110100011
010111010101001110110111110100
100011001001000111011101001010
110001001000000111101101001010
111111111111001010110111010011
110000000110110001110101100101
011000110011010011101001101100
111101011010100001001101101010
100110110111000000000000111010
110100100011111000101010000000
010010111001110101000111001011
011110101000110111010111010110
011100011011001000101111100000
011010100110110111011001111111
111100001010000011010011011110
000010010111010010111100101010
010011101111001001001111100000
110101100001000111010110001100
111110111001011110100001110010
011110001110011000100111010110
011000111100100101010100101110
010001111101010011110101101101
110010001100110100111010001010
001110100111101110100000010111
101100101011101111100101011110
011100101010011111111110100101
