101111111010000111100000111011
011101101001010100110000101111
110011110000101011111011000010
010110001110010111101111100100
010011011110111101100000101011
111001001001110000011001010111
111111000100011101001100011101
100101101010111111001101010001
101110100000011111100100001010
001001101110001110101110110101
010111010010010110100010011101
001010001101111101011010010000
010001011011011101101100011110
001111110000100010110100011011
010011001100011101011001101010
010110000001011001111001010010
111101000000110000110111101000
000100111111000101111111000110
110000001011110110001010111011
110110001001111001001110001011
101111100010010010111010011111
100110100100001101001110110011
110010011111001011000100101010
111110011100101000001110111001
101101101001111101010011000011
100111010110011001101101011001
100000100100000100001100010110
001000010000101000110101001001
111001000001101100010100101111
011100011110111111111101011010
