000010010010000000110010011011
101011100100010100110101101100
010100011010111010100001001010
011111010101110111101000000110
101010011100111011111000110000
100101100110110001101011001111
110001001110011100101111001000
110110110100011011100000110011
000010110111110000011001101110
001010000111101000010000100111
101111111010011011100010101000
101101100000111001000010111000
101010000001111010001000110011
010011011011100010000001000100
010011010110000010011101101011
000011000001001001110001001001
010110100011000010011110101101
010110011001011011100011010010
100101001000101100100000001111
011010010000101000010110100011
010111011111111100010011000111
111000101001010001011000110100
010000000111011001010011000011
011110101110000011010111100000
011101111010001000010000001100
001111100100110001101011000111
000010101110011110110101100110
010111001001000010000110101010
011011010000000010001100011010
110111100000010110111001100010
