110110110101011100001011011101
110101100011101101001110011000
010001110100111001000100001010
110001011111001101101110001001
101100111111100100010001011110
101111000110101010110111010001
100000100110011000011001100001
111001011111000000001110111000
101011100010011111001101011101
011011100010111000001001001101
011100000010111011001001110101
111001000110010000000100001100
010010101001110100011110101010
111101000011011010011100001001
101101100110011011011100010001
110110011111100100111110001111
011001101001100000101101000110
010100000110000001111010010010
111111000011000110101101110100
011100000111011100011010110000
110111001111110011000101010110
000001001000011100110101111000
010111110011110101111001110001
100110011000110000001000101001
100010100011100000000110001001
111100001110000111011011010001
000100011000110111101011111101
100101110100101110111000111000
011100100000101001110110010011
101000100010001101110000001110
