100110011001101001001000111010
110010010001101110101001000000
100010010011100110111101110001
100111101000100100100000010101
101010100010010110011000000001
110100011101000001011001000011
111001000110100100010001000111
111000000001110010110111111110
011001011110111111000011000011
010101110100111101101100111111
010001100010111110111111111100
011001000111010001101011111011
111011010110010001011111010011
011011010000001110101111000111
001110001010010101101001111000
011001001101101001011100000100
101000001011000011010011000001
001100110011100010100111010101
000101011101001001110111010101
111101101000100011101100000110
100011111100111010000001110001
100010101001010010010101101010
000010111001011110110011001001
000110101001101000011101011100
101110001001111010100010100111
011010001011010111100100101000
000101001110011110001010000011
111111001111000100111000001000
000000111000001110011111010110
111101111110101111001001000101
