100100000000000101110000101001
111000111010001110010110001000
000111011110011111110011110100
001010110000001010110010011100
011100010101000110100000001001
010010101011011000001100100011
110110001000011000111000101111
001110101101101011101100100010
101001101111101101111011000100
000110010111101011100100101010
100011001100000001110110010001
000011101010111001000001111000
110011100000100001011010101100
000011100011111100010100011101
010100001101111101011010110101
111110111111101010101100001100
111100011001001001010100111001
101101000100010000111100000101
010111010110001100110110110010
111111011010001000010100011111
111011100000001010010010100011
100111001101101001000000111000
000001000111000011100100011010
100110110111101111001011100001
000101100001100101011101010000
000111010100010101101010011001
101100010100011111101011101000
001001101000011010011001010000
100011010000010100011110111110
010000111100100110011000111111
