100010000111000100011000011111
010101111001111010111001001010
011100110100011111001011100010
010011010111010000000111001110
000110010110000001000111111100
000011001000010100011111100110
001111011000101011000110110111
001001000011110011110011100101
101111111011101111110000101000
110010010111001001110100001111
010111111110110011001000001101
010111100001010001100100000110
111111101100001001101011010101
100100000101010011000110110101
101011000011110110001101101000
101111001000000011110010101110
001000011110000110111011010111
001111001010011000000000011010
010011100101001101111011001110
101101001001000110001101100101
011100000011000111110100011110
110001100010010111001100100011
000111111001101011100111111110
001100011011100110100110001100
011010101111100110100110100100
100100111111000101100010001001
000001010101111100001100000000
101111101111111110010111100001
111111001000001001101000101111
110101010101000011011010110010
