011000101110101001100100011000
100101000001001001011000110100
000101101110011001000000110011
001011111111101000000101100001
000011110100101010111110010110
100110101001101110011111010111
101101000101101111010001001111
111110101111100111011011111101
100000011100010010010111001011
110000010001100101110110010111
010100110100001010001100110010
011010001101010100100011011100
111001111101111111001010010000
011110100010011000110000000110
100101011100110001100011110100
100000110001010000100000010010
111110111100010010000110110110
010100110111111010100010100111
001110111010111111101011111100
010000011110000111001010101110
010100011111001100010011000010
100000011000111010100101001101
000010010100001110111111101110
110111001110110000100100110100
110100011010101111000001011010
100100001011111000000001000110
001110011011101001001000000011
110110001111001100011011000001
000101101100000011000000101011
110000100001011001001100001101
