110001000000101101111000011110
011100111010101000011011011111
111010010100111111110011101111
111000111011001101000000101011
101011110011110000001101110010
111000111101010011001011111110
110000000110011001011001001111
110101110100111000111100001011
110110011000001111110101110010
011011100110111001110000111011
110010011001110001111100000010
101001101011011111001111111001
111001000001111100110100011010
100101111001111100000010101100
000011101110000101000010111111
100010011110100011110111110000
010111001000011001100100100111
001011001100011100111001001111
001000110100100000100001001010
000110000000100000111111101111
100000000101011100011101101100
010111011110100111101111010010
111111100000001110111000000111
010110101100010101101110000011
101111111010110011101111010101
111111110111110001001101000010
111011000011001010001001000011
101110011111000101010110111101
010011101001001101110011010111
100100100101000011011111011100
