011100111001001010010010001111
111000111010100101111111001000
101110000011101110101011010011
011110001100100000011110100011
111101001010110001010110001101
000101011110000000011111001010
101000111000000110101101111101
001001000101101101010101001011
100010100110011111100011100111
010010010010000010011111000000
010101100101100111111101100111
000000110111101001001001111001
111011100000100011001110001101
110010010001110011111001001011
101110000110101000011001101111
111001010001010111000000011001
000011010110111100110010110010
101111001110101000110001111001
110010010000101000011000110100
110000101111111010100100010011
001001001111000000110000011011
010110110110100001010110100101
011100010111000110000000110100
111011011011111000000010001111
110111111110010110110110100110
110101010001010010010101011100
010101111010010011001011011000
110111011100110110001101001101
010110011110101110110111001100
011100001000101101110010001100
