000101011111011011110000101000
111000011001011100100000010000
000010111011011110100010001001
101100000101001110101111101000
111011111011001110110110100011
111100101001111111101000101111
100110111110110000001111110110
111001011101010001101010110011
100100000101011111111110110110
110011000110011111000100000101
010111100110111101111011100111
010110111100010100000101100010
000001011111100011111110010110
001110111100100101000100110010
101011111000110110011101101110
010010010110011100110111100011
011111011110110000111110101001
011000101001111100101010000010
100100110000011100010010110110
110101110101110000100001010011
101001001000111101010011110000
010100110110010100100010110011
011010001001011001101110010101
101101010010111000110010001010
100001010111010100000110001001
101010101010101000000011000111
110011111010101110010001100001
101100000000001011011000010100
011011100101011000101100011101
000111101000111110010010011101
