011011010101011010101110101000
101010101010010001011010110000
111010111101111000101100011000
101101101100110011111100100010
110010011101000001111110111110
111101101001111001010111100111
010100101010111010101110110011
010000111000000101000111100111
010111011110101110001100001001
100101001111110001010101111001
100100100111100011001010110100
111010010010101100010001001000
011100010011001110101110011010
100110001111100000001111110101
001010011001110000110001000111
010011101100100001000110011100
111000001000111110000001101111
110010110010100110100110010000
011101010010011111110100010100
001100000011000001101001111100
101001001101011001000010101001
000010111100101100100101010101
100011111001101001011110101101
000001010111000100101100010111
001100111001111001001010001001
010100111101100000010111001100
011011101101110001110110011001
111100100011101010110111010010
100010010101010111001001101100
011001111110011100110100001010
