111111100101111010110110111110
100011010111110001111100100001
010011100001001100111000000110
110010100100001111111011001000
111100001001111011001100110010
011011000000000100001101010000
010100111001001000010000011011
101000000110111111010010010101
100001101111000111010100010001
001110110100000000000110111000
011101111101001000011000010101
011111000101101101010101101110
000110010110111101010000110110
111101111010011100001001111101
011010010000000010001101011010
111000111111010011011111101001
010000111110001010110100001010
011011100011111010111010110011
101011010111000100010100110110
001000100011110010100111011000
001110101111001000111000001111
000100110011000010001110010011
111011101111101110001111100000
111010111001011001101101101101
010110010110001000001110001100
000111001001111110110110111000
010010100101100011000000011000
001110000010110000100010110001
110001010010001000011011010101
000100101101100111001011100100
