000100100000000000110110001101
101101010011110100100110000001
100010011111111000110100000100
100001110111001010001100110010
010000111000110101110010001010
100000110111001010011110101011
001000111100100000010101111110
101000011001000001011001011001
101110010101110011101101110010
011011100001000000010001001110
010011110101111111011001000000
001010010011111001011110101000
010110011100111110100011100001
011000100101011100111111101000
110000000011111011100110101100
011011011111010110000100000001
010001101011110001000101111110
010110000100010000101110111001
011111110011010110110010110010
110101010011110111000001010010
111111110111010100010111111100
000001000001101101010101010111
001001110010000111010001011011
101010111111001101011101111011
111101100011010001010001110010
111011010010101111100110001101
001100011000110110101101100010
101100101110000100010100101011
001011010101101100001111100010
101100111001001100011010000001
