010100000110101000111111100101
010110110100001101111111001101
001011010110001111011110011101
100111010001010111001110011010
011100011000100010111110010001
101010001000010110000111011101
110000010011011111000011010010
000010000111110010001101100101
010101111010110011011001010111
000101100001110110000111111100
100001000101001011011000000001
011010101100110011111100100101
100011001001100111100111100110
100000101001010110110011100011
011111111101011011111101111011
110111101110000101110101001110
011000000111101001010001111101
001011000011111000100000111111
111001110010010010001000111010
000001110100100010111101011111
100011101000000001000011110011
110111101110111101101110010000
001100101100010100111000110010
011110111011110100100000001101
010011001111110011111000000000
110100010011100001011010101001
010011010110011101101010110010
000101001011010001110110001000
001000011010101100101101000010
011111100001110100111100001010
