001010011110010010111001010000
111000110110001010101001100110
111101111011110000111100000101
101011010100001000110010000110
000110010011100011110111100111
101110110010000101111101010100
101101001011100000000000110000
100101001001011010001001111111
100010100111010001111000100010
010001101011111010100011000011
100100100000010000101001110010
011111110101100101001100111100
110011000000011011001001111010
000011011111000101110011111011
001000100001111010110111011110
100011011111100100010101101100
100010100001111011001000100000
000001001100101110100110110110
111100110000100111011110000110
011010001100010010000100111000
110111001001100001110110110111
011100101001110001100110110011
000000110011010000110011001100
000010111001011111010110011011
110101101001110010110000011111
111001011011001000001010100110
110011110100001010101111011010
011011111101101100101001000000
001111111010001011001000011001
101111001011011101101010011101
