110001110011010001100011011000
111101111101110001011101111100
010101001101010110001101101110
111000000111001100100001001110
100100100110001110100001111100
001110100101101001110000111110
001111100000101010100011011110
110010100100110111100001000101
011101000100010110000010101010
011110011110100011001001100101
100110101000111001000110000111
010000011111010001001111000011
001010001010110101000111111010
011101000111011101100011000110
000101111100010010111110111010
001010111111100110110100110011
001011110000010111011100011000
010101100000010100100101001111
101010100000010000110011101100
000111010100101001111100111000
100011011010011111110111111101
010101111111100100111010000011
100001111111010000101001100010
101110010000001111101111011101
000011001101011111100101100100
110011101101101000001100101101
011011101011000010000001100110
110001101001011011110110000110
010010111100110100101111111111
111011101110010011000000010001
