110011101110101100110001001111
000000001000001111001010011110
011000100110110000110001010000
010011001101110100001100000110
100110011111011101110011111001
100110100110010001110000110001
000100101000010010001101111010
000000101010001000101000011101
111111011101101010001111010011
010011110000001100111011100110
011010100011001011011101000100
100100000100000010011101011100
101101100000010100010010000011
001111101001101101111100111010
101000001011011110001101010000
001100110010110000111100000100
100101110110101001101100100000
010001001010111010001011010100
011011010010011000010001101110
111011010000001110010111000001
001111100010011011011011001101
011000011100000110111101001001
101011111001100100110010000001
011101101001000001101100010100
101101000101100001011011100110
010011101010011011111101001111
101101001110001011110101000111
111010111101110010110111011010
000100100011010000100100101110
100110101011000100100110110100
