000001001001011100110101111011
011100011110110101111000100011
111101100010010000100010000110
000010000110010110011001100101
010100000111111010000101110101
010111010001001011011101001111
110000110000101011110101010011
000011001101001101000001111010
111111011111100100000110001011
011000000101001100111001100111
001001100010010010101000010000
001010000000100110010110000100
011100010001011000001111011011
111010111011110101010101111001
100110000001100011100010110111
011011001100011100111110001000
101101110110111101111010000011
110111010000100100001000111011
011101111000100110010010000010
110110010010100000001011101110
010111011110010001011100011100
100111010101101111111100000100
100000001101010000111100001010
011111010101000001101100001011
010111000101010010100001111100
001011101001011011101011011000
100101101000110010001010110001
011010001010110010001011110001
000100011110010010011000101111
001111100111101111010110001110
