110110010111000111110110111000
010010001110110110101011110000
101111111011110000000001001010
101110011110110011111010010001
101000101110011001111111100000
000110101100010010110111100010
000010111111110011100001101001
111011011001011111101010111100
111100110111000111000111010011
101000100010001110100000101100
011011010011000110100100011010
100011010111110101110000011000
011100011100010001001010000011
001100000110001011000010101011
011010111100000011011010000101
100101011010110000100111010011
100001010110001000100101000110
110010100110000010111110110101
101000010011100010110101100011
100000011011101101100001011001
010000111001101111011101100111
110110110101000110001101010001
000101000111111101100101011011
110111111011010011111110110001
010110110001011110000010111000
010011010001100011111110011001
010010001001000111100111000110
111001101000111101001000100101
111000001100100110001110111100
100000111111011011100111010011
