100101010100001011100100010111
001110101110001010000111001110
001100011101011110011101000100
000110101000111001010111000100
010111111100111000001001100101
111010010010011010111000100101
101111111000000101111101000000
000100110111110101011010001110
001010001000101111010100000101
000111011101010000100111110101
010011000111011110001000000110
100110111001000100010010011100
111011100011011101011011100000
011000100101001000100010001101
111000010100000000110001001011
001111001111100011011100110000
000010101001111101110101011001
010000110101101000100001011011
000001011100011111011011000011
000011100010101000100001000110
100011001101100101101011011111
100101101001000100110010110011
000110100000101011111010001000
011010111011111111010101001110
111011010010001000011010100111
010000011111010111110100001010
100001011101110010000111000010
011110001111100111100001001011
011100000011111101011000110010
000100001101101000110001100110
