011000110001111100001111111000
000110101010011010010000001000
111111110100111111111001000000
110100110111010011000000011001
110100011010010100111000110101
010011010110001010011010100111
100111100100101001011010111101
100110001001100100010110111001
101011000100000100101100100000
000100110000001111100111011110
110010011000010011000110101100
110001010101110000101111001100
010010110111000000011111101000
110011010100101110111101000011
100001001111000001011110010000
110111110011010100000101100010
011010100011000010100011010110
101001000111010000100000100110
011101000001011010111101110001
111001100011011100111110110011
000100000001100101011101110100
000011101110110111110101101011
001011001000110100000011110100
010000101010000100100000011010
110000100101111011000111101100
010101111010100100000110001001
110001010011011000001101001011
101010101111101010101011001101
000110011111111010100010001110
001010111001101111010100110111
