001011001010010001001110000000
010011000011100011000011100101
101111111011000100101011100110
101101011001001000110010110000
100010100101000101101000010010
000100101000100100001010000011
011010111011111110100110001011
110000001010100111110010010001
000000110011110000000010100001
101001110101011100000101001001
001000111010010010101111001101
101101100011110110010110001000
001110110101111011010000010010
001000101000001001011010110101
101001000111101111101101100010
010011000101111100110101011110
110100111010010100001111100110
100110110001001100101101101000
111011010101111000100011111000
000011101100000001110010110111
111001100001011100001000010011
001111111101000110000001001011
110001011100100010100100101010
001111000100111000001010111100
000101100111010010000011010111
101001100011010111001110101110
010010110011001011010001011010
111011110110111101010001111010
001000000111011101111001000110
000111001010010100110110001000
