111111111111000100011000101100
111101011001000000010010110010
110011001101100000000101110111
101111000101011000101000111110
011011001100110110011010000100
100000000101011011010000011101
000010100101001110000010100010
110100001001110101000101110100
111001000101001011111000011111
010111010100100111101000011110
100101001010110100010110101001
001111000000011111110111100001
101000100111000110111011001011
011010010110101100110111001100
011100111110010100111100000110
000110111001110101110110001000
000111000101110010010001100100
011000101110001011011001010001
101111110100101011011101111100
110101011000111111010000001011
101010110110110100110100000001
111101110110111110001101011110
100010100110010111101111111011
010100100001101110010111001010
100111101010110100111100110110
000111010000100101100010011111
100001101110010111001011110101
100110010010011010101101100110
010000100001010101111000010100
101000001111100110100111110011
