111011000100101010001100101000
010100100010000011111101100111
001011010111011011110000110000
001001011010010001010000000100
011010111101111101001101110101
100111111101010001011101111100
110001100101100101010101001011
111110101110110111001000011010
111101101010110011000000010001
011111011001011100000111011100
010111110101011001000111011011
111110111111101110010010000110
000110000001001001011000110001
000101010010100000111100010110
101110011001110111011000100000
010110101101001111001111000111
100000100110100001011100011001
000111100110111110001010010110
011011101010011101011001111011
000011111110010010010111001101
100001010100111101010110101011
000011111100110000010000100100
000001100010100011000100011010
110101110110001010000111101011
110101100001000100100100001111
011111010000000110001011100010
101101100011011111001000101100
110101001101100110010111000111
100010011101011110010100111000
111001010001110011011100000100
