110110010000010100101111000000
100010100111111110111011101001
110010110111101101111101000111
111000111111100100010101011001
110010011000000111010111001101
110111011110100100001010110110
010100010000100101100001011010
101100001011010011001111001111
001001111110011001000001111100
010110100110010001000011100111
110000101000100111000100000110
111111110110001010001010111100
101110001101000101010000110100
110000101111011010100110000010
111111110010001111010001001011
101100011001000110010101011010
110111000010001100010001000100
110011101100100001110100111011
110010001101001101010110010001
101111001010001000101101101100
100111110111000110111101001000
000111110110000101101110101111
111010011100101010111110001101
110001101010001010100111100010
001000111000101010110001010101
001111001100000001100111100011
000000010010110011101101110110
111110100101001011011101000100
110000110111111101010010010101
101110001001100101001011111000
