100011001100100000100110111000
000101100001100000011110011101
101101111101100111111111100101
000110011110111100011100101111
100111110110010001110101100011
010000110000010001010001000011
011011010000110001110101111100
110111100111001111110100010001
101010111110100010010111011000
000010111100010101011100101101
101111000111101110001100101000
011010110000001000110001000101
111111001110110110000111100101
011110010001101110101001000111
000011010010110111100001101010
010010001011100100000110000001
010101110110001010000111101111
100111011001110001101000001001
101001101100111011000100101111
110011100001000110110000010110
111010101010111001001011000100
001101011100000010001100110010
001101010101101101111111100010
101011101110001110000000010110
100110111101110110000110011000
111010011100010010110011000001
111101011010000110101100011001
101100100101010000010000011111
101100111101110101011001100001
110000010101010000101010110110
