000001010101110110011010101011
010001110010100011110111100000
100101001111010001101111010110
101101111111100001001101010001
100010101111100001111100110001
000100111110111110000001100110
111010010010111100010110011101
011010110001010100111011011100
000001100000101110101000101111
101110010011110001011010001110
111111011001111000100100101101
011000010101111100000100001000
110001011000011001001110000000
011101010111001111110100011100
010111111101101011011011100101
111011010100011111010101001011
010010100000111010011110011111
001111111111000000000101000111
010101011010100111000000111011
110000011111101100110000111001
111001010001001100100000111111
111010111001100001100100110111
010010011000110101110011110101
010101111111100100101110111100
101000011101000000101000000000
111010110001100011100011010011
010101100001101101101001000010
011000111001000101001010000110
101010100110001011111011001101
001111000011011001011110111100
