100000010111001010001100111110
001000111011000110110011110001
011111111111100001100110010110
011000111000010100100111000011
011100011011111000010100111100
011110010101100000001100100001
010111001001000001000110100001
101111011010101000010001100001
001100001000100101000100110011
101000000100100100111000010000
010101100111110011111010011101
011001100001100110111101101001
010110111010000011111111111001
100000100100100001000011101101
101000100000100011011011010011
000110010110110110001101001000
001110101110110110010011100010
000110100001011010101100101110
101101100010110010000101111111
110011110110100111110000011010
000111100110100000011000100000
111100001000011001101000101000
111001000010100100110001011100
110101111010100100001000001101
010111011100100111111110111100
000001011111011110100001101111
001101000010000101111001100000
011100100001011000011110101100
100011100101000000000000101001
001100000110101101101100110110
