011110100101010111100000111100
100100010011011100110001011110
011111011010110001110111011110
110000110011110111000110101110
110110010010111110100001111101
000000000100011110111100010110
110100101111011010111100010000
000100000000011100000110100000
011001100001000001011010011101
101110101111010111010011011001
100001100010111111101100001010
000101111011000111100100001101
000111100111111010011110011111
000001111000111010100100011111
110011011101100110101011000110
000101100111100100110001010101
111111110101110000000011110110
101111110011001101110100110111
101001010100010000101110000011
010110010110110110101111011011
011101110000100110110101111100
010111110111110111111000111011
011001110111110011100010010011
110011010000011001011110010111
101000010010001111011000110001
010011010011011101110011010001
011011010011000110100111111001
101101100100001101101000000100
111000010110100011011111000101
111110111101110011101100101011
