111010101110101000111010111000
101100000010011101001100010100
001010001100110100001011001011
100010100000101011010011100110
000110001010110010010000000011
001100101011101011111101100010
011001000110000111010001101100
100100111010001100000110110100
110101110010100001001100111010
101010011011010101110110010100
000110101100111000001100100110
010110100010100100000111011011
011001110110000101011011010011
111111011000011101110001111100
001001111000011001111100100101
110010000010001111000011110100
010001101101000011001000111101
111101110001000100101110011111
100101111111111000111110110001
010001100101010011010000001111
110001010010100100000000001010
010001011100111011000000100010
101101010111000111111000110110
011110101100011011001000010000
011111000101000010010010000111
100110111110111110111011010110
110100000111111000011000010111
111000110110000011010001100000
110000100010101001011011111101
111011111001010101001010100111
