111111100100000100101101011010
011110000100101000100011000100
110001010010100011110011001100
110001110011100111000011011100
011110100000101000111111101101
100100010010010111110100001011
110001110000101000010000111000
010011011101110001110000100001
111111100000111111000010110110
100010000110011101100010101111
101001010000110101101100101110
101010010010011110111010110101
111011011000111111100100110101
111001101011011111011100111101
101001010010011001100001010110
001010010001101111110011111100
010010110111001100100011001111
000000111001101011001001011000
111110010010001101101000010000
010100100100101111110001100011
001010001100001101011000010001
001100010100010111100100111100
010010011100011010101001100000
011010100010001111111000110101
100001000010001000010011000001
001011011111100000110000001111
011011010000000000100001101110
101100001001001111111010110001
111010011101111111110001101100
000010011010100101001100010010
