110110101010001111101110001100
001000110011100010011111110100
001011010100010001001101111100
111111001000010011111001110110
000100110100011011101111101101
000001001001111011010011110000
000010101110010111001100111100
000110011111111101101011111001
000011111001100000011010101000
011011010011101001101100011101
011011001010001111110001000111
011010001101001100010101000011
010010001000001110000011101100
110110011100000001011100110101
110010110001011111101110110111
001110010101000100010000000011
100010011001000111101001100111
110111001011010010100111101011
111001101101000001011011100001
011111111001000000100111110001
010001110000111000111001101011
101110110011111110011100111011
110001000010001111001001100110
111010011011110101011001100101
110010000010110011001101001100
010000100000000001011110000001
011011011010000110101110111111
101001001110100111011100101110
100100011100000011101111111000
101101101110001100110011010101
