101101000001011000111100010000
101101010110011000000010100001
011000000110100011011000010111
001011101010100101111111010110
110100100000110011001011011011
010111011001000001100011101011
100100011100111100111111111001
010110111110010001000111100101
010010000100111111100010000010
010000010111111101100111010110
001101000110111010111100101000
111000001111001111000000000100
001011111111100110100000110101
001011111110111001010011011110
101001100011010100100000001001
011011001101000111111101111010
010111011101010110101011001110
111001111001011010001110010010
100011011100101001111010100111
011110001101101010000100011100
100101001001000010111001000110
101010010011110101111101000010
101011111101001001010111001001
110001000101111010011011001101
000100111100001000000001001011
110001111100111010000011001000
101100001110000101101111011011
110011110000011010000001001111
000000110000010111000001110111
001010100111100010000110010111
