010100110001000011010011101100
110011100010111111010000101010
010100001100001110001010110001
001101010110000001000101100011
111001110100110000101101011000
101111011110101111011001101000
101111100100111100110000010010
000100011101010110110011001011
010001011011011010111110110111
000101101010001101101110110101
111000100001010101010010001100
000001101100011100010110110111
011101011100101001010101011000
000010111001000101101111100011
001101111001110100110011010111
101000001011001010001011010011
110100100000100100101110110010
011111111001100011001110001101
101010011111100110111001100101
011011110011000000001111011010
100011001110101111011010110101
011101101011010100010001011011
101000001010111110000101100100
110001011101100110101000010100
011110001010111010110010000000
101100000110101100000001100101
001110100111100110111001000111
111000011001000110011001110010
101100001000101100010101110111
000010000101110110000011110100
