111000011001000101000001001100
000001011010110001000111001001
110100010001001011001101110001
110001000001101011011111010111
110100101100000100100010001011
011011111110011001101100100011
000111000110000001110011010100
101000011000000111010111100010
110000111011011011010111001000
101110011001001000011111110010
011000000110110100011101111011
010100101111100010100100000001
001010101010110010100101101110
110000100001101100110000000110
111010101011100110000000110100
111010101111001000110011011011
001100110101000111101001000000
011100011100011010101101010001
001010110010011101011101011000
000111001011001010111110111100
000101110011101010001001111100
000110001000001101100101011111
000011110010011110101111000010
000011000110101001101010000010
110111101110011000110010111001
000100011000111100001110111111
101011100100101000010111011101
100111111011011101100000101000
001010000101011101110000010001
110110101011011100001011011110
