001001110111101110101101110000
111111110001011100011101011111
010011110100011001110111101110
000010111001110111010100100001
011110110010101100100001000110
110000101110010000010010001000
001110101110101011111010000000
100111001010100000101100110101
101000011000100000100000011011
001101101001001001101101000111
110110111111000000100011111001
010110011110111110110001111100
101100100001001111111111100000
100000100110001011000110100110
010100100111010101100111110001
011011001101101111010001111010
010011010001110111111001000011
111111000010100110100111010000
101111011111001101101101100010
111001111011000010000010100010
001001000011010101000011001110
001100110101111011001000100001
000000001011001111011101100010
000100110100001010011010000001
100100011001010010111100100111
101110010001001001011100000000
000111011010100010011111001111
100001100010010101001010010010
100101110011000010110101100001
110000010001011100101000100010
