001111011100000001011001101111
001001001110110111010011100000
010001100111101011111110110001
110011000010110100000100010111
011101001011001000001000100100
000100111011001001110011101111
110010111001111110001101110010
001001100011110101000010001110
110111110100111101111001001100
101000101100010100011010011111
110111101110001010001011001101
111110101001010110010110111010
111100000000100011010010111010
100011011111100100100110011101
110101000110011101101011111000
001110010011100011010110111111
000101000010000101000011001000
110101100001111011101010100110
001000001010111111100001100110
111011010011100011101110011100
010100110111000111000111101000
010110100100010101111100111011
111001101010000100011011001010
100111011111001110110101100001
110011110001010011011101000010
110000010001101000010100010001
101111011100000000010101101010
111101001001011111111101000110
101101110011110100111101110111
110001000110001001101101100101
