110010010000000111011001110010
111101011110011001001101100001
011111010001011001000100001111
100101100010100111011011000110
010110000000000100001001001001
111000100101111011100001100101
000011111101001000010001110101
000011100100010011001100111110
111010100000000101110001100110
110110000000001110001001101111
010111010111101100000001111100
010100110010010111011110011101
011011010101010010111011000000
111010011101000010011100110000
111100111111001010001011101001
111000000100000100100011100101
100001011010111000100110011110
010011010000000000111000111100
100111101100000000101101011010
110010111011001101101100100110
111001110010000100011101111100
000001011000001011010111110001
111000000111011101100000111101
110110011100101111010000011110
100111001001000110001100111101
010000111110111001011111000111
011000010010111110101000100100
010011010001000100110110111101
111010011110001100001000010100
001010101101010110100000101110
