001101000010100010110101010110
110101100011111011010101111010
101110111010001010110110111010
011011110111101110000101110110
111000000101110011101000010101
010100110011000101001111011001
001001011010111000001011010101
010101010111101000101101101010
001100000110011010011100001100
100100101000001101100101100101
101010000111001001001110000011
101010010011000110011001101011
000111001100111011010001101100
010001011101111111100010000010
110010110110011011100101111110
100001110101101010000101111100
011011001000100010101110101110
001100000001001110000010100101
011111111000101001101100011001
010110000010101001101000010010
111101101110110000111110101110
010111111011010001010011001011
111001111110010000000101110010
000110011101110010010110001000
111000111010100011111001111101
000010000110000010010101111011
010111110100110010011001101000
010110110101101011111010111001
011101010100000001010001011000
011101001010000101110101110100
