000000111000000101000111010101
110101011100001101010011011010
011100100010010011010011111110
110011001101101001000000101000
100001100110001000010000010011
100110100000101101101111111010
110111000110100110110011000100
001100001110000011011111111101
100100010001110110010011101110
110010100110001011111101101001
110110110010000110100000001111
100110010101110110011101000100
011010011111000000101000010011
000110110110010111111101011010
111001011100000011111100101000
010001111111000101111001111010
111010010110000100100000100111
000100111010101010101100110101
111010010101010111000101000010
100001101100110100011011110010
011001001010001110000111100010
100100011100000100000001011110
110001111001100101100101000001
110101111110101110011101110100
001100001000100101011000011001
111101000110011001100001001011
001011010111110011001100111000
001000001111011001001101000001
110010100101011100010101101110
100000001000101100001111110011
