111001010101100101001111001111
111110101100110000000010100011
101110100010001000110100100100
110001011110010101010000111100
110010101000101011010110000100
001111010000100011111111011001
110011101010111101000001100001
110000000001010110101100111011
111110101000001011011001011000
111010010010000001010110001011
101101011001101110110010110010
111011011111011010001101000000
011101101101110000100010100001
111011011111010100011100010100
000000110011011001110001000011
100010001101001010110011111011
010111001110111100110111111000
010110011001101010000011110000
010001001110000011101011110101
101101011110011001011011101100
101101010010110010010010111110
001110101000001100000001011011
010110110111011101000001101101
000011101110111000100101001101
101011011011110101111101011111
100110001101110100110111111101
110000001101100101101110111101
000101010001010000011010010100
110011111011001111101111100111
001111111000000011100001111111
