110111100111111100110000111011
010010001001000000111110110001
000011110101100111110011101010
111010110110010111101011010100
110001100010100000110100110100
010100010111010101010001011101
100111100011011111011001111110
111001000100011110001000000011
101101000101010101010101111000
101111111101100010000000010000
110010010001010100011000000110
101111101011001001011111000110
111100110000100111111100001000
100000000000100101010000001110
011101100110101010000010011000
001110010111111011110111111001
010010010100000001101110001101
111101001100001010001101110000
010001011011000100001101110101
000011010001101010111101110010
100110010011100100010110011111
101110111001001100100011001110
101100001010001100101110010000
011101110001010111101000000111
001101010011111101111000010010
101110001011110010100000110101
111111110011100111101100100101
100100011101001101111101110101
001001011100111110111111100011
100110001001111011101010011001
