111001110111011011101101000010
000011100001001100101011100010
110000101011110000001011101010
101011001111100010101100001111
101001000100101101111110001110
110010000001111110100011011101
101001110001110001111010111000
101110000100001110111110111101
011100011111110110100010101110
000100101001011100101101101111
110110010101011101000001000000
100111001101000000011100100111
011010011110011011110110010100
110101110000111011011101110111
011001100000101101101100100111
001100010010110000011001001111
001100110010110000101110001111
111001110000110110110101110110
111100101110111001000111011110
011010110100111010000100111001
000111110010010011000100010001
010010110111001011110011011100
101111010000010111011110010010
000101110100001101100010001000
111011000001010110011010000010
001000011111110010001011111101
001110000100101110111110001001
010000000011110101111101100001
100100001111110010011101001011
100100000101100111100001011111
