110011110100010110011101010000
001001001011111111011011100001
011100000111111001000110011010
110010111101110110111001110110
110111110010101011110111000111
010101101101100101001000110011
101000101010110111100110001010
011000010001000010010000100010
111000001100101001111000101101
110100011110100111001101111000
011011111110111100010100110001
010011111101101101100110101001
101111101110110001001011100100
011100101111001000001011110111
000011010011001110000100011011
110101010001110000010000000000
010100011100110101010000100011
111101010000111000000001010000
111001011001010011000010110110
110100101110000100001011101011
110110110011111101111001100000
101001101110011001001000011010
001010010010101001011011011101
110001100001100001000101101001
001111011010100010010011011010
111110000011011100110100010010
000000111100001110010000111001
011010001011101011100000101010
111100001110110011010000011101
010000111011101011110001100000
