010110101110000010011000101110
100111011011100110110000110111
110001000100101111110010010111
110000111011101000110100010000
010011101011100111001100010111
011000101011000111100011111000
101100110101111101101000011110
000011011101111001011001101001
000000001100111001101111000100
101110101101111000110000010011
100100101110010110110111100101
001011010110110110010010111100
100010000101000000101010101110
100101110010000111001000010110
010101111111011101010101100010
011110000101110100101110110100
000111101101011000100111001111
000001111011001010101011100110
011011001011011001011010011111
101001110001100100010110100010
101010011001001011100100111010
001001110000000100111001110010
011010011110100101101111000000
011011111110100011010011101110
010111111011100000010000110110
101101111000101011010010000111
100100111011001011111011111111
111111110011001001000101010000
100111111000111100001100111101
001111110000101100100110011010
