011111000101010000001000110001
000101000111111001010010010100
001000011011101111111100111000
010111010010011110000101011011
000110000110000011001101100101
001000000110100011001101000011
011001100101010000000111111011
001001101001101110000001111111
011010001010010111010011101000
011010000011010000100101011001
011001010000011011011010010101
100111100100110111001111111100
101101000011010001111111100010
000001011011000110010100100000
110100101001011001111100111101
011011010011011010001010111011
001101000101100011111100101011
110001100001100010111000111010
010011100101111110011001011111
101101111111111011001000100100
000000111111110111111001100110
111110110101110001111011100100
011011011010011001001100010010
001100110001000011001111010001
000111111100101011100001100100
001001010110100100101000101011
111011000110111100011010001000
111001100110011100011011001000
001110011001111101001011000101
000101110110101000111111000111
