111100110000111010101111110011
001001001000001100000110001110
111101100000000100110010001101
111000101110001100101011101100
010110111101100100100101010100
011110111111100101001110011101
100101011111001111100011110110
111100101110011111111101000000
011100001110101110100000100100
110101011001011110100001100001
010101001000011111111000101001
010001000010000010000101010010
011100101110111010100100001000
011100110111100101010001111111
110011011001110010101001111100
110100100101101000001010100001
101100101101011010000100110011
110101111111000001100101111110
100100000001110001000110110111
010111010111000001111010001100
001011100111000101101111110100
111001000011111010000011100101
001110001011011101111011011110
100001110110001110101110101111
000010110111011110000110000110
101000100011101100111101010110
000000101010100011000111101010
010001110001100111111010011000
000111101110010000111100111011
100001111000110001111000011011
