111011001110101000011000001101
101111101100101011000100101000
110111000110000101111101101110
011000011010101100101001110101
110011000011101011100100000000
110011100010101010001000111101
101010001000100101011111010101
011100100010011110100011110100
110010011011001101001011111110
100010011110011100001110011011
101010001010011100010100010110
000111011110110111100011000000
111100101110111110111110000001
100000100010111011101111111110
011100100100100110101000001011
000101000100100111100000101110
101110111100000100110110101000
010000000110101001000110110010
111110110011000100111110001101
111101010011100101110100111110
010000101101100001101010001010
001010000100000000000100110100
111101011000011100011011100000
001110010011111110000101011101
101101111111100111100001101100
001101111110111100000110011111
111111011011001101101000000011
001110110010100010000110100000
101011100001000001111111111111
001011110000011101100000100001
