100011100000011000110001000110
101111011011111111110000100101
100011011111111110110110110000
111000010001011000101111010100
011110101011101000110110001110
111011111000101100001001111100
111110011100111101101000110001
101111011011001000010111100101
100010010000010010110010010001
100100010100100010100001001001
101100101100111000011011001110
001101000010001110110000111001
011100100100110011011011101010
110110010100011000010100011000
101111111001101100110110111110
001111101001111101010001101111
111111010000010001100110110000
001101110101001011100101011000
001101100101101010111100000100
110111101001101101110101111111
111101010011001011100101110011
100111001101001110100111110110
111101110010110001110011001101
010000110101100011110010010110
011001101011110000001000110110
001111011111101000100100011001
001000010100000101001100000101
110111100101011010010101100000
010100010110000000111010011100
011001001100111111000101000010
