011011001101011010100111010001
100101100101111100001100011110
011000100001101010100111011100
001101110000111001110110100000
011100110100111000101001001100
101111001000100010000011111010
111001110011110111000001110111
100000100101011001100100101000
111110100010100010100001011011
011001111011111111101101010001
100011111010100001001011111011
111111001010011010101101010100
100010111101111010111010011101
100110101101011110010010110110
011000110101111010111110011111
101101001110100011010010111100
110101110000101110110010100100
001110100111010011110111011000
010111000110110110011100010111
011110011100100110001101011100
110110010101000011110010111011
100111010011100010000100011000
011001011111101111110111111110
010101111111011111010001101111
001001000100100101000011011110
001001110010101011110110100111
000010001001010110110101010001
010111001111101111000000010011
111111011001001111101100011101
010100010110110001110011000011
