101110110100000110110100001000
110000000001110010111111011000
111010001011101001100110110010
101100111010111010111101001001
101010011001000000101001100001
010011010100010110110111101101
110100111011111110101101010100
010010000011011111110000111001
111111011111001001110110111010
010001011000011010101001101000
010000010101101000010011000110
100101101010000110110010111111
011101000010010010100110101000
110101011000110111100010111110
100111010011001101111110001101
100000001010001000111111100100
101011011100011111001100100101
110010011000111100010011011000
111110110101001001011100001001
011111000000011000000111110111
010101011001111010010001111010
001110011110101011000001110011
110110101000011001000110010100
110011000010000110110000000110
011000001010100100010000101010
011100101001111001100100011011
000010100010010011111100110000
010101101110000110000011111011
111110101001011011111001011101
010101100010001011101111011100
