000111110111010100111100100010
000100111111111011111110000110
111010001001000011010100011110
101000101010110000100111011110
010011111011110010000000011101
000101111011001010100001110100
111000100110100011111001110010
101111001101110000011010000010
110110001000000000101111100000
101001011111011100001100011010
011011010010101001001101011001
100110100110110110100100101010
110001101110010110011010100111
100011110001010100110010011101
101011010110111111111110100011
001010110100001001001010010011
111011111010100000010100001000
011000101111111111110101111001
110110000110100010100010011001
110001010011111101101010111110
111100100011101001000001110010
110101111100100001100000011101
111111100101101110100011111110
111111101001000011010001111110
001101101100110101100110000101
100001100010101001101000100100
011001110010100000101110100110
010110011011100111110010100000
000111111110010101100010010111
001110001100110100100110101000
