110010011100000000101100111100
100000001011101010111001001000
100011010110100001000010010110
000010101101010100110101110001
111001100000110110111101111110
001010101001001101111110001000
011110000110101011010010000110
001110101111101101110101001010
101111001101111101011101000001
010110110110101010010110010011
001110110101011000110000001010
100111100111000011000101100010
000111110001110101110100001011
011100011000000010110000000000
111001001010001101001000110000
001111001011001100000100100011
010010011111101011100000000011
110111101011101011101100000000
100111000110010011100011011101
101100110101001000101100010101
111101011100000100010010010001
111011010101110111000110010110
011010110011010101110001011101
111010110111000100110111001010
010101101011010011101111010100
000111000000111010010001000010
000110101000000101101101110000
001001111010011011110100110111
100101000110001000010000010011
010101000001100010010100100011
