011101100110001100001000001100
001010101111110101011000100000
100011000110011111011101111101
110101101000000111010000100111
011001101001010100001101110010
100111101010010110101110010111
001111010000000100000000101110
111111010100000001010111000001
000010111101011111100010100101
111100110011000011101100100001
000110000111011100101010000100
000001111101001100000110110111
110001101100110000000011010111
000010001001111001111100111111
000100011000110001101110000100
010110010011100010100001011101
101110000100101000000000011100
101100001101011100010100001001
011100101001011001101100100000
100111000000110111011111111001
011011101100000001111000100110
100011101011111100011001001011
110100000001000101011100010011
011001101001000000011101011011
101011110111101010110000111100
011101101100000100100101101111
010101001101111110001111100110
011100001111101100101000111010
001100011111101010011101110001
111101111110101111010100111110
