001011101001010000011011110000
010110101111110000000101000001
000011010100100000000101000100
100010110001000111101010000110
011001000111000001011000101000
011111010110001100100110011000
001000110100110101101011110110
000000100011010101010000110100
010101001011101000110111000101
001000100111111111111011001101
110111000011110001111010000111
001100001010010110011010110000
110101010101001110111100011111
010111000010111111101001011110
001111001110000111101000010001
101000001111110111101010100011
000110111011100010000010011100
101000001100110011001110101110
010010001100010000000001100110
000011001000011010100110111100
011001010101101111100110100101
111110010001000000100110011010
001110011000000111011000111011
011001110111000001111000101110
111100010001110000001001101101
011000001000001100101011110100
100001100110111000110110101110
000101011001001010010100010001
001110100110010001110011111000
010001111100110101111011111111
