110001101110010010101110011110
101111011010010010011000111011
111100000100101000010100000110
010100110001000101110110110111
011010101101010011110110110001
010110100101001111011101000111
010010110101100101000111110110
110110100010001101101111111000
001000011100001111101101010011
001000101011000010101110100100
100011011110100111111111110101
010101100110101100001110001000
001111100011001111111110010010
011010111001000101101110110001
111111000100001010111000011000
101100001100100100111100000011
101110101011000101001110111101
110110110111100001101010010110
000000100111101110010000000010
111001010000010110011010110010
110011001111001001010000101000
010101111000101111000010000101
011011010111010111000100001011
100000110111101011100101011111
100101100110011100111011111011
001000010110100000001010010000
110111110000100110000001100111
000111011111010110110001010000
100011100010000011111000001010
110011000101010100100000111101
