111010011000011101001010111010
010010000001111110011111111010
011100011100000101010011011100
011010110110000101001010100110
000100011001000010101010001110
101110001011100110100111111011
100011011100001100100100101000
011010001101100000110001000101
010110100000010010100100011110
100110011110011010000010110000
001110011011011010000001011010
101011000100001010010001000111
000011000101110110101101011101
110000011100110110010101100111
110000110111011011100000110000
000010000111000011110011110100
011001010110111110001000000100
001000011000000011100111010111
110110000000011100001101111011
100100011100101101100000100010
000001100101110001001100110101
100111110101110000010000010101
010010001111101011001000000101
100111100000101010001010000110
111010011010110010001110101010
011111111110110110100111111000
100111010101011100100010101000
010111001011011001110100001001
110010000010101010111010001000
000011000100101110010110011110
