001111011100110010101001100101
010001100011011100100000011101
000010001011101100001000111111
110110000001100100011100000101
010100100001010101010001100110
000111100011110101010110101000
110000000010110111100011010010
000000011111010011000010110001
010111101100001100100010110000
011100110010110001111101111000
010101001110001101101011100011
010111101010000000010111010001
101000111010001010001110100101
111001000010111101000100010011
010111011001010001101111110101
001101100010010101101101010110
111011001001101011111000110010
101011001110101100010111100111
101001010110011011101101110100
000001100000110100000000000010
001111101000101101001111101000
110100110011111000010010011001
100011001111000000101011110000
010001001000110100011111001111
101110000101101011000001110111
011100110011010110000001011001
001011100001111011110111111000
011011100111101100000010010111
000001011110000111110110110010
111110000101111101100101101111
