011001010001101100000010000100
110000000001100100010100111110
000010001100011010010100010101
101110100100000100001001000001
101011010111110010100010011111
100100110011110100011010001100
001100010001001000011001010111
001000111000011001001001011110
011100001001110111010010010111
111010101001110010101001100100
101011111110100111010100010011
000111100000110010000010100011
101111010000110001001011010010
100111100001110110000001100101
000110010111111111100101110000
000010001011010000000001001010
100100000001000110100110111101
000100000100001101010110001110
100111010011010000110100111111
101000111100101100100011101011
110100011001101110110000010001
111100100011001110101101000010
010100100010010011101000100001
100001100101100101001100011011
110000001100111000011001111101
101100100001001100001010001000
010001111111010111100100011000
101101000110001110010110011000
000101010010110010001101110010
110011000101100110010110010100
