110101001110110000100010100101
111011101101000011100101100101
111101000101000111010100111010
010010011011111101101111011011
100010101001001001010010101011
100100001011011010100111101110
011011001100010001100111101001
001100011010100101110000010000
011010001011000111110011001000
011011111100011010001000001101
100011010010001111001110111000
010110100010110010010000100010
101010010101010011100010001001
101011010000011010101000100010
110110011111011000100111100100
101111000010011010100010011110
101111100001110110001101001111
110011011110110011100111011101
001111011010010010110011100001
100001110101100101100010001101
111011111110000010101010111100
001001011101001011011000001001
001110000010101111100110011010
100010011001000000101010100000
110011001111101001101101111101
000000101011001111101101010000
110000000011010101100010010011
010011010001100111000101011001
000000100011100111110100110010
001111010110111101111110011100
