011110010101000010010010010100
011100000100110101110011000101
100110101110011110101001001010
100010000110000101111100110011
000110100001110101010001010110
000110111101000001111101000000
101011011111001110101001101110
100010111111111111110101010011
101001110101111100011000001011
111011100010011001110001010010
111111100001101110010111100000
100011100000110010100000001100
010101011101111011100011001010
001001111101100010010111101100
101100010011000011010011011001
011000101111000111010110000111
001001111010001100011100010110
010100100101100001100001010100
100011001110111000101000011000
111101100100100110010000110100
000001011101101100011011101011
110111010001101100001001111010
100011001000101111101000101110
001010010101110010111001000010
110011111000010010000110000110
011000001111100111100011111010
110011101010001010100011111000
001010010011011010011110100011
010110010101000010111111100110
100010001111001000101001000001
