010001111111100111010111101010
001101101110010100101100000101
011010011001110101101110011010
110001010011011111001010100011
110011001010111110110111101001
100000011100100110011101010000
000000110011101101000001110110
010001001110100111100111110110
101101001110100010111001111111
001100011111001010111100000101
001101010001011110000110000100
110110011010110000101111001000
000000011101010011111001111011
101111100000101100000101010100
110001001101000001101001100101
111011110000000111110101110001
100101011110110110101011100000
010010101111010110001001110100
110111100000001110000010000000
001001101001000001001111100100
100001000010010110111011110011
101000000111010111000111011110
110101000100111011010111110100
101111101111011010110011111111
000110100001111101010001100000
100000111101011000100111011111
111000001111001101000010100010
100110110101001110010100110101
011111100111110111010100101111
001011100101101011011111100000
