101011011011110100110000111101
010100111001101000110100000111
010101111011111111111010000110
000100001111001000001010000010
100011100111011000000000111010
001011010101000101010011001010
010000111000111100100111101001
110011110101000101010001101101
111001001101010001010000010100
011101111111101010001101110111
011101111110011100110110101101
011100110000010110011000100100
101000110101110110000100010101
101000001001011010011100010000
010110011010010011111111101100
111010111001110000011111011101
010110101000100010010010101101
100101111100111110100110000010
111011110110111001011100000011
001100100110011111110011100110
010110010110010010001101010011
101011001000111111011111101001
110011000110000111111111000100
110111001100101101101011100001
111010110111000010001000001001
101110100111010011010010010010
011110110100000011011100100101
010101100111001000110100000001
110111111001011000011011111100
110001111001011111001110000101
