000101000000000010010000000010
111000001011001111111011111001
011111111000101101111001000010
100111110101111001111010101101
110111110000011010010110100001
111111001011100101101110011101
100101001111110011001001100001
100100100110010010101111101100
100101000011011110110110100001
110011001110111110001001111000
111100111110011010001000101101
111010011011011100001011010100
001100101001110110101100111101
101001101011001111010011000011
111100100110111001010110001110
001100010011101000111000010001
000010010111000011011110111110
111001011010011100111011001101
110001101001001101001001110011
010101111000011111100101111101
001110110001100101011101100100
001111011001010000101000101001
100101001010011100011101101000
010000000101110100100111100100
101001010010110010000110001010
110100110010010001110101111101
001001010010101011100100000010
011011110100110011101110111111
000011011010001011110011000101
100111110000001011101000001010
