101110011001011000010100100110
011101110011010011001001100101
011110110111001000110011110000
111000001100100011000001110111
011010000110011111011010101101
000010101100111010011101100111
000010101110000011011011011000
011111101001010111000001001001
100010110101000001111001111110
001101011110101110010001001110
000111111001101100011111101111
110001001100111011001101001100
011001110011000010010101111010
011101010011010101000100010010
011001101110000111100000001000
011011001001001110010000111101
101000100010110011010001110101
110101000001101111011100011000
011100000001110100100111110110
001010000100001011001010010011
011110100100100011001000100101
010001010111111101101100001010
000001011101000101011100000001
011101101001100101111011010000
111101110001010101001100001110
001011110011100111010011100001
011111011100001010010100011101
011011000011010001101001010101
100110101100011011101010001001
010000011110111010100010001011
