001011001111011011101000011111
001101011100100010101000101011
110100100111001110011001011000
101001111101001010011101101100
111101100110111010100001001101
000000000001011011010101111100
111011111000000111011110101101
110010101010000111011001001010
100000101101000011001111100001
110000000100101001110101100100
100100001101000011001111101101
101000111011110000100011001101
111110000001010100010011100011
010000101110001010011011100101
101100100100000011110010101011
110110011011100101100010011101
101010010100001101110100000111
110011111011000010111101101000
010111111001110011101010110000
000111010101101100000000101111
110001011101100111000000010110
101001001010010001110111110100
010101010110101110000001011000
001001100011100011011011000100
001111111101101011100110010010
101101010001011101110011101110
000011001000101101111000000010
111010010101100111001010110110
100110010001011001011010100011
010101010110000011011101110011
