000100001111011000010010010110
110111010110111101001111101001
010010010110011011000100111000
000000101011111010110011010101
010101010101101001100100010101
110011000100011100001101001110
100010001001101011011011000110
001111001010011110111110111111
011100110001010100110101010100
101011111001000100110011011010
100001010111101100011110110011
000000000011001010011100010011
011100101011010100111110000000
100010110010101001100010001010
101010101111011111010010111101
010101110101111001110100111111
000000001110110011110010110000
110011010101001101001101101101
101111010001100111001111010111
010101000111101000111010001011
010011101111001111100000000111
011001101010000110101011001010
001010110110101010101100000101
010111011001110011000111111110
010010101101110010110010001100
011110100110000000111010010100
111000110101000101111100100111
110010100111000000110000111011
100100010001100010011011110100
000110100100101100011101101000
