111110011101011000100011100001
011010001000110110111010101000
010000100100000111001101010110
111000001110000001101100101111
101010010101101100110010110101
110101100010000011000111010101
110110011111100000110001100011
101010110101001100110000110100
011001010100101010101010101011
010010111110110011011011011010
101000110111011001110000010001
111001110011010100100011100000
011101111001101010001100100110
011100100110111001101101010101
110011101001011011001100111111
101010110001001101010101101100
001000100001111101100101000000
110111110011001011100011011010
001010000110011101001100101110
110001110101111001010100000010
000100000001101101100000100101
010001100110100011101111100010
010010110010100001110110100100
010000110010100111011010100001
001001010101101101000001010110
011000101100001011101001001010
011100010101100001010000101000
101000111111101101110101100011
001100010000000001011011110100
111100110111110101111110111110
