100001010011101011111101110111
010100011111011011110010011111
000100101100110101111101011101
111101011010100000111010000010
110101100000101111001111110010
100101010101010111101110100010
000100111001001010100000111000
100111001000100001110110001010
100110001000101110001101011000
100111100011001001111010000101
010111111000000100101110101111
111100000111001000110000010001
100011111101011111111000000101
011101101011011010010110110001
101000011000111010001010100001
000101001111001110010101110111
011101011111010110101011010010
111100000110011000111111100110
110011100000101100010100111001
010000100101001011011101011000
010110100010001011111110001011
000001001100001100111110100000
000101001100101010110111100101
110111100101010001001010000111
011001101111010110111011010011
011000001111101001110011010111
111000001100010010001011011001
001011111010000010000100011000
011110000111010101000110001101
000101010101111000000001111001
