011001001100001000011010011010
001111101111100010100000010100
100100110001011001011100111000
100100110010000011010110000010
110110101101100110111110101011
100101110111110001000111001110
000111001101011100010001010100
000001001100011100110010101110
010101001010111011110011111111
010001100011001101100100011110
110110010101001110100101010010
100001100011011010010110111001
110010100011111001110001100110
111101011011100101111101111000
001000101100111110100101110001
011110111110110001101111010100
100110100010000101001100010010
000011011100100001111011000010
110100000101001111011010110001
110010110010101110111010110111
100010011001100011000001010000
011010011100001101111011100001
111100011001010111011011000111
111010101001110010001001001011
100010100010000101110001010100
100101111111111010110010100111
010000110110001001001110111100
000000110110100100010000000101
100111000001100100011101101001
011111101111010010001011000111
