011101000010001010011111001111
100000001010110111110111111001
000011010011000000101111100011
000110010011100010110110001100
101011110000000100110110000011
101000100101011111110100111010
001001111110001010101111011000
111111111010000111010100000001
000010001101000111110110111011
011010000100100101000001010001
011011101001100100010110010100
111000001100001101011001100111
111011010101000110001110001011
110010111110100111001011000010
100101111010001001110100000111
001011110110100011011110001010
001011111010010001011111101001
110001110110001011110011000000
101001000001011100011010101111
000001110010000011000110100111
010100010001110101000101001001
011010010001111000010000011011
010000000100100000110110011001
100101010110000001011001000111
100111101110010000011001000010
011010111100011001100100011111
001101001011111000110101111011
011000011111101010001101011000
111100110110110111110011100000
001111110101100001010011000100
