011001000111011000010100000000
101111111010011010010001010100
110010000101110010101100010101
111010111011111001100110111011
101011001100111111011010110101
001010111100101000011101111110
111100111110001110100011110010
111011001001001010111011110110
101011001111010011110111011111
011011101011010010101110101110
111011100111100010000111000000
010000011010101011110000010101
010100100001011000110101110101
011110110000001001111010001100
100111010110001010001110011111
010001001001010000100010010000
101100011011001101111001110111
011001001101100010000101011110
011101001110001001001101011000
000100011101101010100010010001
001011100000010111110011111011
011111110110000100110100100000
001111001101011111001011011110
000111000000101010110100100001
111111011001111000010011101000
110101011001001100111010000000
010000000110001011110000001101
100101010001101101110010000100
001111101101100101110111011011
010100110011111000011000000000
