101001001001010000101010010110
101011010001000100111011110010
111100111010111110111000100011
000011101100010101010011010001
100011010010011001001011011101
010100011010110100001011111111
110010101000000110000111000010
011101010111100000010110001100
101010010100000010111001001001
000000010000111011101100001110
111010100010011011001110000011
100000110010000111000111001111
111111100000111111101010110010
000001011101000011110101101001
111110001110000111011010110000
010010001100111111100000011110
101110101010101101001111000010
100110011110101100010000001111
001100111010100111000011001110
101110100010110101101110001101
101001100101010111001110111001
100010100000111001001010011111
010110001001001101111000001100
101001111110011100100001110101
100100011111110100011100011001
011100001110111100100001001110
000110010100001101001100000101
011110010010000011110011010110
101111110101010111011111000000
100010110110101100101111000000
