001100110111010000000011111100
011101101011111010101101000111
011100100100101010101010000010
110110101101010111011100001111
110010010111111000001011101100
001100001011000010001011010001
001110010000000010111011010101
000010011100110000010111110001
111010100100011001100011100100
110011011111100000010101100011
001000000110000001001100110011
011110100000011011111001000000
011100110110111010101001001111
010000110110100110110010110110
100111100000011111110000001000
010010101000100011000111101011
101101110100101101000111001001
101100001101001111101110111010
100110110100110110100000110111
001001011010000111101001001101
101010101111010111001001101110
100100000110110101111001011100
010111100000000011000011100011
001000100101100011110001000011
001011001010111011110101101100
100101000001111100110100100010
110000010010101111001100100101
101010101111000101010000010000
101111111110101001110010010110
001000000011100100110110111010
