101001000010001111001101101101
110101100110001011010101101010
000011101101010111000010010100
000010100100111011000111011101
101000110001000000111111110011
001001111011010100110001110100
111101001000010110011001011111
011110001010111000100011000000
011101100100011110011111000110
011110000100011110010101000110
111010001110111100010110110100
110010111001111001111111110111
111111100111010110010001011111
011110110010110010110101100011
010110001000100011100001110010
001101010111111110010100011110
000010101101101101100001111111
000110010000101111100011000010
011111000110001011001101101001
011011111100100001010110000110
101010011110000000110110101011
000010101110000101000011000100
101010100111001101011101100011
010010100000010011011100000000
111011011110110001010101011010
101111100100000001111101111110
000001001111011001011011101101
111011000010100111101000011100
100010000111110010000101011100
111111111111101110010111100111
