101110011010110111011000001001
000101101101000010011110000001
111110110110111111001110110000
111000011110000101100010110000
110110011010111100100000111010
000011011101011001111001011000
011011010000101100000100001001
110001011101000001010010101001
111101001101100001001001010111
111010001110111001010101000001
100000000001101111110111101110
100010000011000111010101000010
100000001111000101100111000111
011011110000000101101111111111
011111101111001000011100100111
100101100100001011100110010101
110000100100101000100010100010
001101010001111100111000000000
001011001110001111100100001011
001011100110100001100010000101
011001001000100101010110110000
010000101011000101111101101000
111010100111011101110010011001
111101101000101101000100011100
011101110011100111100110111101
011010010101110011010000010101
101110101010011110111110011001
011000000100010000010111010010
101000010000100000010101000110
001000010000010100000101101001
