111011010011111111100110011011
100011100100010001000010111011
010001110110101100010100010100
101110000010000011011111100110
001100001001110111110110001101
011111100010110000101110100111
000111110010001110001000100001
010101001010100110111011010011
110011000010000111000011011000
101010110111100010110011100001
010001001111000110000101111011
001011000000111110011100000001
010010110011101000000111101001
110110100110000011010110110111
011010101001110110101110010011
010100100010011100001010101110
100101011000100000111101000001
111101011111100100011100011010
001111110001010110100101100001
010011111001001110101000001010
100011000111000110111101111101
001100101011001001100011010111
101100111000101011111110110001
100111101110000110001011100010
001111010111000001010001111001
111111111100000000011001100101
000110111011111101100011000011
011111111101000101111001010111
010000000011110000010000100010
101110010110111101001110110010
