100011011111010010010011101010
101110100100000100110011001000
001101111100101011110000001010
110000011010110101100011110100
011001101010001101000100001110
000010110011101110011110100010
101001110011100001010110011100
101001011100111101100001001001
100010111111001001010011110101
011001111011110111100010000100
001000110001010001001001100001
110001111110100010111000011110
101001110100010100010101110100
100010110101111111111000011010
000111111100110101110001001010
101110001001010011100001101001
011001100100100001111011110110
111110001001011001110101010000
101011011100110100010001010101
011000100100001011101001000111
001011000000000110011011100000
101010000111101010100110111111
101001100000000110101110100001
011110011101110110100011101100
000000000010001111000101010010
001000000011111010111010001101
000100100101001100110001110010
101001001100100001011010100111
010100001100101110011101001010
010101010111100001110100111011
