111110110101110110000111011000
001001111000100100111101011111
100101001100101110100110011111
100001001111010100011110101011
110101010101001001111111110110
000011111011011000111000101010
011000000101101010010000000110
101011100111101101111101010111
000100111101101001001000011101
001001000010001100111001011010
011110001010001101100101011011
110011110001001101000010100010
011001000100100110011100110100
001010010001101111101101011100
011111101100011010110001011100
010011100101010010001111011100
011000101101010111101001101000
010000010000001111111101101000
100110101101010101110000001010
000111110001001101001000100100
010000011101101100001111111011
100001011101111000101100011001
010110111111010000010010110011
101001001101111000001010011101
011010000000110000011100100000
011011010100100010010011011110
101110010011010010111111000111
001000010110101110101111111110
010100100101011110101111101100
101101010100001000100111000111
