011011001001001110000011110010
100101100100010110110111111000
000000101111000001110001101000
000111010001000100101100101011
100011000100000011110101100010
110000110000100000100101100001
001000101100001100011011001010
101101000100101001011000000001
100101011011000011111101001100
011111001000000111100111011101
111111100011100001001111001010
000000100100111110110111011100
100100001001010010010010010101
100100011011100101001001000011
100110101011000101011011010010
100011000011010100010001010111
111100110101101100000111110101
101010110010011010101011001011
010111001011110110110100101101
000000111010010100011000110001
100000101010010001000110110000
010110001101101101101100100110
000011011110001001000011111100
111110100010011001100101111100
101001110111001100000000010001
100110110111110100111110001010
111110011100110101000011010000
111001010100111010100001110011
000100100110111010110000010110
011011101010001100001000011001
