010011001010101111101001100100
110001010100101001000111010100
000101010010000011100001000000
111010001000100010000111010001
010010000000011101011111101110
000011100101110001110101111101
100111100011011001001010011001
100001100010111000001100111110
001101100010001001011010011011
001011000101011100010011101111
001100001001011001001011111101
101101011010010111110100011101
011001111101111111111101100010
001011010010001101101111100110
100001100111011110110001111100
010011000010111110000010000110
001010011011001100101010101010
001101011010011100011111100011
111110000001000011111011000001
111100110011111111111110101100
000011001110011011010101100100
001100111001011011111100010101
010010110111011110011101001100
100011000001001011001111100000
100101101001000101101011111110
010100101111111000001011010101
100011000000000001001110000100
011111101101101110100101101001
010001111000010010110001010011
010011011111111001011101011011
