000101000001101110011111110001
010011110011010101011010111111
000010101011111111001101000111
011000010011110101001011110010
010011000100011100000000100110
010011110101000110100111001000
101111001110101101011010011010
000001110111101000100001100110
101110100101100100010000101000
111100110010101001000000000100
111100101010011010011110111001
100111001111000001111001010010
001111100000001110100001110001
010001011001010100000101100011
110101110110111100101110110001
101010011110000101000011011101
101101001101011011100001111101
111001110111111101001010110000
000110111000010011011010111111
100001101100011001010100000110
111111000000101010110011101001
111010001100011100000100101111
001110000110110111010101101100
000111110011011110101110101010
010110010010011101101001100010
011100101110111011100000011100
101010110011000110101010001001
001000110011100011001000100100
001100010001100110100011010111
011011001111111010111010110011
