101110000101000100100010110111
000011010110001100010111010010
111000010001000011001101100000
011111100101000000011100100110
000011010011000011111010101101
011000100010010000100110001011
010101101000111111111011101100
010100111001111000000110101101
001010110101010011111101001101
111110010101000101001101010010
111111100001010110010111001011
100011100111000110010100111111
101001001010000000000001111000
100111101101010111001110100100
101100101000101010100101100001
111111100001001101111010011010
111111101111000000101100101110
010110110000000010101011001001
010100000110000010001101110010
100001110100011111100111011110
110101000101010000100011010100
101001101000000110011111001011
000101000011110011000110110000
110100000100100101010001111000
100011100011001100010101010001
001001000101110111001011011111
000010011100111110111001011000
111000110011100111110000110000
100100000101011100101110000100
111110010001110100110111010000
