010110111101001010011001010100
000000110110110111010101000110
111111110000110111100000111101
101111111001000111100100111010
001110011000000010110100010001
001001111011100000010101010100
101011101010011111010110111000
001110001001111010000111000101
011100111111111110111110101010
100001110111000000001010011111
100100111010010001010011011101
000011110101110000111110101001
100110001010100001000111101011
010101100100001111110000101110
100101110010101001111110110100
001101100111111001100100000011
100101001011111010010001001110
111101110010011011100111011100
010100100011100000100101001111
001100101000000110000011111101
101101000110011110100100100101
111001011101000000000100000001
001011111100101100101001101001
111101010100110010100000100100
011010010101101011110100011101
000001111111011110010100010000
110010111101010100011111111000
001000111000001000100100010010
011111111011011011101010001001
110110001110110011110001110001
