111110010000011100101111000010
111000100010101011111010001011
111000000000110010101011010100
000100000111101110011111001010
101010101111101000010001111000
101110101010010111010000111001
010100010010001110011001011100
001000001011101010110100000011
011101001110011100011110001000
010011001011001011111000111000
011110111111101001010100001111
100100100101001011001111011110
111110001110000010010010011000
000000100101101010110100100000
100001001101011011111110001010
000100100100000101111111001011
000100001011010110010100101010
001001011000010011011111101110
000111011101000000110011110001
111001100001100110110100011000
011111111111111101001010101010
000011010011011111001101010110
111001001110111011010111010011
100011000101111101000011100111
110101001001101111100000001001
100101101111010110111111010100
011010001010101101111101110101
010000010110101001001001000010
001100000110111110110101010010
101000010001011011010101100000
