001101110010111110101110011101
000001000101111100010111111010
010111110011010001001000110101
111011010000111110110110000001
111010010110001010001110110101
000000101011011011100100011101
001000111011111010111110000110
001010110000111111110011010111
110000011001001000010010010001
110000010010111110100010011100
101000011000111011000100110001
111010001010001001100001111000
001001101011010011111110111001
100001110010111100101001011110
111001000010111010000000010101
001010000110110010100101101101
101111101101111000000100110100
010011001010111001110001000101
100100001010101000111000100100
011111111011011100010011111101
110000011111010001110111110000
101010101010101100001001001011
101000010111011001010110100010
000000000101010010011000110110
011111110011011110110100101101
101011100110101101010000100011
100001111100100101110110000110
010010100111001110011011111111
111000011111001000010100010010
010010001100101110100110110110
