100111011110000100110010100001
010101000111110011101001010101
000110000001111100000011111000
010010010000111000100000001100
010100111011010001101010101000
011111000100000111011000111111
010111000000101001010011110000
001010111010110001001111011001
111111110010001010000100111100
010011110100110101000101000111
110101011011001010110010111111
100100001100011110110010011111
101001000010101011000000000000
111111101010000011111111011010
111011011001111010000011101100
011000100111000100010111001010
011011000111001101011011100100
000110111011101101010111101101
110110111000110011000010000011
111000101000010110000001110111
111110000001001101110010000001
101001111001001001101000001111
111010011111101011010010101100
111001100100000001010110111000
110000110100100011000010101000
101100011100100111101010010010
111101001101000101100110110111
011001101110111010011000001110
010101110001110110101110001000
011000011101100001100101110001
