000111010110000111000100101110
100010110101111111000011010101
000110001101110110000000000100
100100010011101011000111001011
111101110001011101100100110101
011101110110111000110010001110
011110000110100001011100011000
111111010001100010000011110010
111011010001001001000111011011
011100011000000100010111111010
011011000100110000011000111111
011110010010011101110001111011
001111011110010100000010011000
011100101011000001111001100011
011000111000010110101110001111
001001010101000110111000000100
100001010100111110011101110010
010011111101001101101000100000
000001001101100001111100001111
001011011111001100110011101101
010011100101000110100110010111
011100100100100111000101000011
100011001011111110111110110111
101001101011011001110100110001
111001111111010101100011000111
110110101110010100101100110110
101111100010011101110111101110
101110100111101100101001011111
011001011001000101100000100001
001000111000110111111011100001
