001111100011011000010111110111
010110011101011001000000110001
011100101110110000111001110100
010110011101000100011010001101
010000001110011000001001100110
101010110111101011010100000010
111011101011111111010000011100
101101000000000001110011000101
110110100011000100110110000101
000011010100011110111010110100
010000011110001001110110100010
001010111000101000110110111011
110010100100110110010100110010
101100000111010111000100101000
101111000001111111111011111101
101100101011011111100001101011
110101111001101101001000101011
000100111000100010100000010101
110111101111011010010101000100
010110010001011011101101010001
001001100101110010011100111110
001101011011111000000101110010
101010001110101101010101101001
110101111100000011001100101011
000001011000100101101011010000
011001011101011101110101111000
100111100100001000100010101100
111100110100110111111100010101
110101110110010101111101000001
000110110011001010101101110010
