001111111000001000101001100001
100111011101101011001011011000
010010110100111001001110001001
000010000001000110001110101111
000011011100001000011111111010
110000100110111001011011010111
011111000001011011010110000100
000000001011010100101011110001
010111001001001010111011010000
110110010010010000110100101110
111010111100111011010101100001
101110001010111000011001010001
000010010110011101000010001110
000111100011101101011101010000
010010101101010011000010111001
101110100001101110010000100110
110010101100111010111001100010
001001110001100010001010110011
001011101111001010110001001011
000000101000110110000010100101
110001000010000010010010111000
010100110010011011011100011100
000101111000110111000101111011
000000110101110001111101000110
101011101101100111000000011010
000100100001111001101010001000
000110010011111111100000010101
011010110101111000000101001111
100010000000110110110001000110
001011101111010001011001111010
