100010001001110001010101110000
000011110100001111001100111110
101100101100111110010000000011
100111010000000010001111100011
100100011001101111111010011110
001100010111001101011111110001
101011111000101111111111001000
010011001100001111000011100101
100111110011010010001011111101
101001111101110001111111101110
001010111010101011100100000000
100100011100001001011110010001
100001111010011011111000010001
001101001100110011000111011000
101111100000001000101001101111
011010110101010110100011000100
000110001010100110000010100011
110101010101000000001001101100
011000111100100000110010110111
111111101010010101110111010101
101000010101010011111110100010
101010011110000111000111111010
100100001011111101100101001110
101010001101101110011100010101
001110010110111010000110110000
100111011111101010100110001111
100000011010110001001011110111
100001001010011011000101110110
101000000100101011101100111001
010100010111000010010100011010
