110001011110111000111010001111
001111100110000001111011001011
011001100100001010010101010110
111111001110101000100000001000
011110100011000011110010101111
110110000110111000100000100100
100001110000010001010011001101
111000001010010000111110000101
010101100100011000110111100111
010110011101011100000001001110
000011011101110000010100110111
100000010111110110100011010001
001110011010010100110101001001
011000001011001100011000110100
111101000100001110011011110101
010000011110000011000111111011
010101010110001101011010000101
011110110111100101011010010101
010100000101101010001110101001
110000000011001100011100100101
011100100000001000000001100100
011110011001110001111100010101
110111000111100110111111000111
110010110111010001001010011111
100111010010111101100000001110
001011111100110101011100011101
010011110010100111110001000010
001001000111110010110100001100
010011011011011010000000111000
110001101100110100111110100011
