100111001101110001000001011110
010101100001011001010000010110
111110110010101001011101111010
000101101101100001000011100100
110011001101100101110110000111
100001010111000001000010011110
010000111001001001111011011111
101010110010001000110011010111
001010010011011101111110110111
111011111001000100100010111001
010001111010101111000010010010
011101111111100001001101110010
000010101101100001010100101000
111000110001000110001100011001
001000001011110010101001011001
111101000001010000110111011100
001001001010010010110111011010
101000011110110101011101010001
100001100110101100111100110001
001000111100100010000011010001
001001110000011000111111101011
000000100001001110001110100000
001011011100010011001100110111
101001011110110110010000110011
001100010000111100001010010110
010110000001110100011010111101
110110101011111100111011100100
010111010000100111100110110000
011110101010011110010001101111
010100010011010001011111000001
