001011011110011011110010011001
100101100111010100001010010110
110100011111111010000001010111
000110010101000000111100100101
101111000001110011110010001011
101001000101101110011111110010
011110011010001001010011010001
011001101111001111101011101101
100100010100101011100101010000
001101111011101001011101101000
001010000001001100010011010011
000100101110110100110011011111
101001011110011011011000111001
011101111111111101000100110110
111000010010101110010010010000
011111010010100011100010011101
100100100101101110000110101110
100010000101110111101111011101
100010010100000111010000101111
000000101110011101000001011111
000011001011110101010110000100
100010101100110010001011100001
101000100011001101111011110000
111101101010010110111100011011
010000110110110000110011110100
110110001101000010011101010111
100001111010110011011110001101
110111101111000000001110111100
110011001000001011110100000011
110110001000110010100111000110
