010011111010000110111011101001
101100111000100101001110011001
010011000000110111111010011000
000111110000101101110111000100
001110110100001110100010111100
110111100000100111001111111110
000111000100101001111100110110
111111111001110101101101001000
000000010110010110111111100111
001000111010100110001110011110
000010001000000101111111001011
011101010100010000100000101011
110011000110111001111110101100
100111101011001010010010111011
111000001001001100101110110100
111111110100000100010001000000
110010101010011010001101101000
100111010000101010010100110100
100111110100011011111000011110
001010001110110000011000100101
011001001111001010010001111001
111001101001001010011001000101
101001110011100111100100110111
010000101111000100101010010001
110001001110001011101001010010
011000110110100000011000001110
111110100111001110111000100010
000100110010000000101100011000
001000110100010001100101001110
000101101010111101000010100110
