101111110101110001100100100100
001101001101011001100111101101
101011011100001111111011010100
010111111001010001000000100110
101011111001100111001111111100
010000000100000111010010001110
000100101001111111100000000010
110001000000110000001101010101
000110101001001011100111010001
000110110110001110001101101001
000101011100111001011101101100
111111011011011110100001101100
111010001111111001110111011010
110101110011101110010001111011
000010110001000110110110010000
111101001110010100001100000110
101110111101111000010111110010
110110000011110010010000011100
110111011110101011001110100011
001110010001000110011101110111
011000100000100011011001110100
010000100010001001001000010100
111111000011110011001010011011
101110110000011111011000101111
110001110100110111000101101100
101000101001000110110100111001
110011000111011110001101001111
111001010000000100111010100100
010011101000010101011111100000
010110011100000100010011000011
