010001001011001111000010101010
100110111101000000000001100011
000001100111001100000011100101
100111011011111010000001010010
100101010011000010110010111000
111001011001010010101011000100
100101100101111000101001100101
010000001101101000101110001101
101110010101111100101101100001
011001110100100100100000111001
010010100100001010011001000100
011001111110001001111101100110
000100101100010000000100001001
110110001100010011110100110101
100110110011001111111101111100
001100100000011110111100010011
011110100111110001101011111110
001100100001011111111100111100
000100000100111110001100000111
001011100101111110100010101001
100111010000100110011010100111
110000010010010001111010000010
100101000110101110010100111001
100001111101111100101001100010
001111100100110110110001100101
000100001001000110011110011000
110011001011000111001101111101
101000001011000010110110111101
111101110000011000110100000101
011010001101000001100111110111
