110110101001101001001011111111
010100000000000000111010001100
000101110010001001001110010111
000000001101100011001000111100
000100110011101110000001001001
101100000001110100000011101011
010000110111101000010111000100
011001000100110000110011111101
011101101000010011111011100110
011001101011101011011000101010
101100000011010001100001111101
111101101100001111011111101011
010101000111101111001101110000
010000101100111101110011101000
001010001110101100011111100101
000110111001010001111010101110
011011100001011101010100110101
100100100001010000001111100110
010100010001011000000010110001
011110110101001111111000100011
011110110010110011110100010001
000001111010100010111101001100
110110000101111100011001110100
011100101101101101101010111011
111000010101110001000010110010
100011000000011100111100111110
010111100010100101110000100111
010011010010010101111101010001
110000001001110101111011111111
111100111100111010100100011010
