100011001011111010001001001001
111110000100011011111000001000
100011010001111101111101011100
100001000010010000101000111000
001111101001100000101001101010
101001000110011000101111101111
001110111010111010111110010111
110011011101110111101100001010
100111111110010011111111110110
000001101010011100010101011011
110010111101000111001111000101
100010010100111111011001011110
001100001101010100110110000111
100111001111001101110011110100
100111111101000000011100010010
111110001100101011000001101011
000101010010100010010010100101
100111100001000000001100110110
111110001110001010010111001000
011010000010001000011001000111
000010011011101110001100000100
110000111001110111010010011110
100001110000010100100011001000
010000111000000111111110101010
011011011011110111101110111110
110001110100011101010011001000
000001011011000011110100101111
011110110111100111000110000111
101011001111110101110110001001
000011110000111111000101001011
