001000100000101010011011001010
010011001000111010010000100101
100101101011110111100101001001
000110000101001101100000111001
110010000001101011001100100000
111011101010001111000110110001
011101110111000010001111111101
011001101001010001100110110111
100000110101100011101010001001
001000000000111110010001010101
000011100000101110000010101100
100110000101000110101011100011
101000011010000011011100000111
000000001001001001101110011111
101000001100101000010000001001
101101000010011111100100110111
110100001011000100011000000100
010001000000110000001001101110
100101110011101100111101101101
100110010011011110001101011100
001111110111000110110100110111
101111111110101000101000111100
010101111110001101001100110100
111011011011100001101101010101
000011101001101000101100011101
001010011000101001001001001010
100000110101000101001001111100
010101010111110010101101011111
001111100111111101011101100110
101011010111111010011001000011
