000100111010000000111111101111
001111111111101010010001110010
010000100110111000001111111101
011100101101011000011110011000
000000001100111110000100000100
101010110001000010101110000111
010010100010101111100111001011
001000011011010100000110110010
101000000101001001011000111110
101110101011100000100000101100
100011100110100001010101101011
011111110101101011000011110010
110010100001001011101110110100
001111110101000001100100011101
001000001100111101100010111101
001000001011001100000110001101
100110110101100010100100000101
010101111111100010110111010011
101001111101100111001100011010
010110111001100001101001111001
111010000100001001111100000011
001101110100000100100111000111
111001011111110001101010010100
110001001011010001000101111101
010000100110001000100100101100
101001010001011001000001101000
100111000111110110100111110101
101011001001111111001010101100
000110101011010101110010100001
110101011010001010111101110111
