010100010110001001110001110100
010110100001101010010110011101
101000101010101010000101110100
111101110000111010001011110011
101101000001111010110100111000
001101010001001111100000101011
101100010101011100000010000010
111111011110100110011101111010
000010100011000000100010110000
000001000101001000011011101011
000001111010001011110101010011
101011000011100110100010000011
000000100101110010010011011101
011000000111010111100111001101
010110100101101100110001111010
110011100101000110011100001011
100010101110110000100101100011
101000000111011110010010001110
011100101010101100111111110011
010100111101001110100000111001
101010110011011000110010010101
001011010100100010111111010101
101001111000001110000100100110
110001010110111001010111010000
010110100001110011110000101100
110101101000000101010111101011
100101001000000011001101101001
001111001001001101000011110111
111101011100010111110111111111
100101110010111101011011001110
