101010111011000000001011100110
001010111110100110011011110001
110001000000101110101111100001
000011011100101010000111010011
001101100100101010010100111001
111001111110101101001010110001
000010110010101010000000000100
001000101100001101101111111010
001001000101110111010100001110
001000101100110110111110111110
101101100111001110110000110101
011110100001001010101010100011
111001101011000100111011110111
001001101101101011010010010111
110011111000100000101010100110
011100111101000101001000110000
110001010110100110101011100011
101000001010010010000111111001
111111101100110001101011100000
011010100100000111110110011001
000100001010001111110111011110
110111001100101011001001100011
110101010010001010101011110101
101011001111000101100100100001
011101001000100011010001110110
111101110100010010000011001110
100101110110010010111110111110
000001100001111010000011100110
000010011101101011000010101100
011101010011111110101000101111
