110100000111111000000101101110
101111110011011111111001001000
000110010010111101101011010011
110011100010010110001101011100
110011111101101110001011111100
111011111000101010001101101111
101101011001101101111100010001
010011100111000001001010101001
010100010011011011100001010100
110111000001000000110110110011
111001000010001000111010000111
100100111101011101001101001111
110111001101000110101000111000
011100111010100100101001011001
000110110001010101011100111011
110011000100001100111110111100
011111010100101110110000001101
101110100101010010110101000101
000001010000110110000111010011
111011111100000101100101001000
011000110110011000001010100000
011001001000011011111111000011
101100101001001100110011001110
011001111110011000001111110000
100101100010110001001001001111
110010100000100011011010000011
110101101000111100001101001111
010010101010110100000101010001
101010101011001011000010001101
100000100001110100011000100001
