100000000001110110000101000000
010001100000011000110010001111
100111100110000100101011011001
100000110101100101111100101111
000011111100100010001101000110
010011100011000010011010011000
111011100001101100011111011000
001110011110011010011101111110
000001100010001000010100010001
100111101111110001111010000110
100011001000010000100010000111
110001000110001101000001000101
100100100000000000010101100111
110010000000111011001101101000
100111110111001111000110111000
000010100111011101100111001101
110001101000101111001010001100
000110101111111001011010000110
010001101001110001101000110110
000100000000010001011100001100
001000111100110000000000100011
100101000010101011001111110111
100001111101101000110011011110
000010111111000111100100101111
011001000000011100101010001101
011011111010100000011110010110
000010011000101101000101011101
010001001010101101101101000100
000111101101010111101000100011
110001100000111011100100010010
