110110101001010100001011100011
010110111110111010101110111010
000011001011011000101111000011
011011001010011100100101101001
001000011101001001001011001000
010100000111101011101011110010
101111010011001101101011010000
110000000101110011001000001000
111000110110110001111011000101
001110111001000011010001111100
111110111000100010010011010100
001000101000011010001111111011
111010101001000010101100100000
111010101010110100100011000101
010001101100111100010011111000
110110000110000000110001100101
101101110100100001100000110110
001010100110100010010001001011
010001011001010101110101001111
100111101001100011010011000010
001000110011000110000111010001
001011101111101110001000011100
011000001101111111001010100001
010011110010110101011110100100
111101000001000110000010101010
110010101010111110101100111101
011101111110000101100000010100
010001011000110101010010110111
110011110111000100000111011101
011001011001100101100000101101
