010000111110010100110101000111
100000111110010011011101001011
011110110111100011011110001001
000110001011001000101111010010
001111010111110110001011010000
001000100101011001100111011010
100110101110111101001011101101
000001011111111100100001001011
100111011100001001000100110101
000010100000101111011000011111
100110001101010111110101110010
110110000000000111101000011111
111011000010100100010110111011
010011101100011000010011101111
110001110000011110000011110011
101111001010000011110101100101
111110001001101100001000001100
101010110110111001001110001111
101110001111011110011011001100
110110101011001011111010011110
100010000110001111001011111010
000110100101100101001100010110
110010001000111001101011000001
100110001110011100101001101111
001100011101100110001011010010
000000100011101101111110000001
100100010110000110000000111101
101001111100001011000110010111
010001110011010110001100101011
000011011111011001101011010101
