001000100000110000111101111100
000010010000100000001010000000
110101111110001100001111110000
110001001011101001011110010100
100111101101101101000010110011
110001100011011100000011000011
111110100000000101010010110101
111100011110101100100101011110
100101100010110011001001001100
101000011001110000010010101101
011111011000000101000000001110
000111100000001101101111101010
000100010011001001001001100000
111101011111011100011010001111
000101010100101110110000110111
010110110001101101000111100110
010111001001101110000111100000
101100001110110010110011101001
101000001000011111110011010111
000110011000110110001001100111
000100010001000001111100100010
001011000100101000100110101010
110011001111110011011001110110
111101101110000101101011111100
101111011000001001011011100000
100100010010010011000010000010
011001101011011101001100111100
001111001110111101010011011001
000111111001001111011010110010
001101101001011001110011101011
