100011101001101011111111000001
111100111011011000100100100111
001010000101110010110111000000
010001010011101001111000001101
110011100010000100110000100011
000010100010101001101010101111
010101010011100011111110001100
101001111111110010101111001000
010000010001011011111101111101
111111100101110011001110010000
000010000101111101000101001000
111101101101100011000011010110
111100011111111110100110001001
011000101110100001010100001001
100011000010000000100011010010
000111111110011001110011111011
001101100101011011110001010110
110011100111100010010001110101
101000101110001010100100001101
011010011111110010110010001010
001000011001000100001100010110
111101111100110001100000101011
110010001001011000011001000011
001000111101010100010000111110
011001110100110011100010001010
001110010011101001000110101000
011100010001000100001000000111
001001000011001111111111001000
101100000011011001110011001010
000011111010000011001000010111
