111100101111111111011010001010
110011000101110101111111011010
010011100101011000101000111010
100010001110000011000111101000
010000100110001010010000101010
010010110010110100000011111100
001010001011000010011011101010
000110110111110110001001001110
110010101100111100101100101111
001001011110111100011001001010
101010111011110011001111010011
101101101001110110100000101010
100110101001000010001100101000
001111101110010000000000010011
011110001010000001101010011101
100001100001111001111010101010
000000111000111001101111001111
100110111101001110110010101010
000010000110011001101011111100
111001101101000000000110100101
010101101100000010101101011101
000100100111101011011111101100
011101001010010010010010111100
100111001101100101001000000101
101000100011001010001000110110
010010110111101000011101010001
011011100111111100111110111110
010001101111110000010100011111
001011100111110001011010000110
101010001000001111010100111100
