001101111110010001011110111111
011010000000111111111001011010
001101101101110001001000110000
110001100110000001010001000110
000001100110101001110111010000
001011111010010110111001001010
111101110100101001010111010110
100100101101101010001111100001
111011000001110111000011101101
111110100001111001100111010101
101001000010010010001001010100
010101111000010000001000111010
010111010101111101100010000111
000110000100100100101000111011
100110101010010010110110101101
000001101010101111101100101110
010100111100111110101110010010
000010000010001111011111010010
000111011110000110011010110100
000011110110010011010001111010
110110010000000001011011010000
110011101011000100100001100000
101110010111011001101110101110
110010100110010000001100100111
010111001011110100011010101000
001001100111011110011110101101
111011111101100101101101000110
011010011101000111110110110110
110110111110001000100111101011
010000101011100101010001001000
