001111101001111000100010001010
010100010101011000111100111111
100011010100000101011110101001
101011100011001111111001101001
110000010011011001101001111110
010001101011100110110101111010
110100101101111110101100111000
001010110010001010101010110011
101110001111010010111110010010
011001111001011010000011111101
010001101010011101000110001110
011100101010110000111111001000
110011010011101000010000000010
000110001010101100110000100010
111000011110111100111001101101
000010001001001100000110111011
011010100000110101100110101010
000111011010101000000101010010
100011111101001110100001100011
000001110010010100110001000110
111111100101000001011011011001
101101000100000100000010101101
110011000110101001101100100110
000000010111100101110100001010
111000101101100001101000100110
000000000100111010100100010010
111101000001101011100000110111
011011111001101100101111100110
010110000110100011011000101011
011101101011111000011111111110
