111010100010001101001011001110
010101110111000110110010001111
100000111100110001101010110011
100000010010011110000000010110
110111110001010101010110011110
110100000000011110100010001000
110001111000011111000111010101
001100111011111100111111000101
010010111010101010110100101001
011111011001000111000110000010
110100010011111010110001100001
111111010111000001110100011000
110101011001001100001001000011
100011101000100001001000100100
111100001011001111100101000100
011111111101000000111110000011
010011011110111110110101011010
011111100100110101111010000100
011010101001110010001101101000
001001110011110111000111111100
011111100100000010010111101111
010110101010101101101101101010
011011111011010110100100001110
110100010110100110101010001001
101101010111011010000010010000
110111101011011011001001111110
110000110101011011011101110001
101001001100000110000111101001
011111101010001111010001100000
010001001100000110111010111100
