110001001101011110100101100000
101010001110000100100110010001
001001001011011010010100010000
101101001111011011000111010010
010010000111100000100010010110
110101100011010000011010001010
110100111000100000001011111011
110001110110111011101000001001
001000001100101110111000010000
000000011110110011001110010100
111100010011010110101111100110
101110000100110111000000011011
000101101000111001011110101100
000110101011110010100001000011
011100110100110000101111110100
011001010000000000000000100000
100100111011000011101101101101
111101000110111100010100001011
010100000001110110111010000010
100110101110001001001010001001
111100011110110110010110101001
010000001000011101101001110010
000000011111011001111001110101
010100001110000111001011101100
110100111000001000000000010111
111000001100111011100111110011
100010000000100010000000101110
000001111111111111010110100010
000010000001010011011010111110
100010110100011110100111010101
