010110111001010010101100111111
010100100100100011111101110000
111000010010110010101000100000
110000111011111100111011000101
001101000110000111110100101001
111101111100000110101001110010
001000010011010100100110100011
001101101001001110001010110001
100001110101100101000100100100
000010001110110101001101010100
110010000110110100010010100111
010111010101010101101001011100
111100011101000111101001110111
110001010110110111111100100010
000011111101111110100110111000
100101101001111110010010001001
011110100100110110111101100100
111011010101011100001011010011
011010101011111100010000111011
000011110010011011011111011110
011110000011010100101000011100
110110001001010110100111000011
001111111110100100000111111001
001100001111110101010111100101
101111010100101100000100001001
111100001100010000000111110100
001000010101100010000100101111
111111101100110111111011111011
101000011110111011111001011110
000011110101000011110001111101
