010110110000110101010011001101
011010011110101100011010001111
000011110010011011010110100011
001011110011101010101010101010
000010011111110101011010111100
000000011000011010111010011011
110000011111000000000000100000
001010000100000100011100111111
001001000011000100100000100110
111110011010110110110010100111
000110100101100010010010000000
010010100000111001000100000111
101001111101010110110000101100
100011100110111100011110100010
111101011010110010011101011001
010000000111000000010000000111
000101010010010010001101001100
011000101011101001011001110010
010100010010011100011010111010
011011111101011110111101001101
011100011010010101010001101010
100101100101111010010011011010
110100111110000000101011001010
001000110110001001000010001101
001010010011110110111001111011
100010011011000000011000001110
001000101001110111111011101001
001101101000001100110111110101
011010000011000010101001100010
001110111100101001010110010101
