101111000100010000010111101111
110011000001110011110000000010
101110001000001100001010111110
110111001001100100001000101101
001111100110001011110110101111
001101000010101101100100101001
011100100101011001011001111001
111100000110001011000110111000
110111001011011011010010010101
000011101011001000100000001011
011001011100111011100000011100
001001010101000000000010101111
011001100100101111110110000001
110010111111101110110101011010
100111101000101100001011100011
010110100011110001000100001111
101100011110110011110000010010
110011110001010011001101010111
110000011101000010010011000100
000101000110010111001111001010
001011101101111111010011011000
001010010010100110000110011101
101110110111001101110111011000
111010111001110100010010100100
010000010010001001110011011111
100001010100011111001011010100
110011001000010100010111100001
011110100011101001011111011011
011100010101111011110000000100
001110111110001111111010101000
