011100010000100111010000001100
010010110110010001010001010010
110110110111110000100010001011
000000010100110101010011101101
111010000110001100110110101100
011111011101010110101111000100
000110001000111110011010011100
111001101000001011111110000010
010000111010011001000111010011
110011111011101111110101111010
111111110000011100110010010111
011100001111100000100011101001
001010100011100101110100010100
101001000010010010101110000100
100011101100001100000001111111
110000010101010111001000000110
110110100100110010110000011010
010111010001111110111100010100
111010010000110001010011100110
000111010010010110111010101100
011110111011101011001110101010
001011110010101101010110110100
101111000111100001000001000111
000010111011111111000010001010
101010001111110000110011100111
000011100110101001001001100100
100110011001111101111011001001
101011011001001001111010010101
001001001001100101110010101011
111001011010111111001101000101
