110111010111111010111100011100
001011001110101111010101011110
100011011000101101100100100101
011011110011011000100110010101
011100000111110101100100111110
111110110101011101101001100100
010011000101011100000000110100
100111100001111111011100011111
010100000110000001001010101010
010001110011101100010010001000
101010100010101001110100010000
010110101100010000000110010111
110110110011101101000110110111
100110010000100110100111111011
010000100000000111010111110110
101100001010111101110001010110
100110110000011100010111110111
100100110001111001011111000000
001100101101000001111111001110
001011101001101100110110010001
101101011111000101100110111010
110110000000111011100001101000
001001100100110000100011110010
011111010101001001001000111000
011100000111111110100001001110
101000001001011000101001010111
001000100111101010100011110010
001010010111100110110000011101
000010011111110100111101100011
000001010011110101000100101000
