110000010010111001001111101100
111001100001001111100001110000
101000001101101101110000101111
111110110110010101010101111001
100010010101011100000111011000
110000111001011110000001001010
110000111101111100010101110001
010011111111001000100000000111
010100100000001110111010010011
001111100100110111101001100001
110100101010011100000110010100
101001111100100000110110011110
010111000011110100101101110000
101011001000100000101111111000
011010000010001001100000011100
010011100010001001011100111010
110101100110010101010011001001
010110001011011110110011011100
000001000001101100001111000110
011000000111010100001001010111
000011100011011010101101101010
111101010011110111111110000101
101110111011001110000100101010
011001010000110111001100000001
110001110001000110010010010010
011110101110011101011011001000
111110001000011001011011000111
010111101101111111001011000010
101110100111110110010101000001
000100111101010010101000010001
