011111011110110111101001011010
100010100000011010011010110110
001011110001100011010010111101
010010101111000011001000001110
010111001101001100111101010110
111010111001110011010100101011
110110111011100101001011011100
111011011110010110011101100100
100010010000100101101101011010
111111100100011011001010101001
111100110010001000000110011101
001000001100010001100111101000
100101011101010011000011111000
101101111110101100100101001001
101110000101001111110101110101
011001110111111011101101001000
010110111000000011111111011100
001100101010010101110010011010
011000010100111100001111101101
001100000101010101101100101111
110101101110110010011000011101
000101111000000111010000010110
101011101111111010111011110001
111101100000101100010101001110
110000100011110011110101000001
101110110101101001000101011110
110100100011011110000001001001
011111111001010111000100100110
110110101111010000111001001000
101000111011100110001010100110
