100010110100001011111110010101
111101110100110011100000001011
101101000110100010011010100110
000111100011101101000111101010
011000010000110101000111010010
110101100110011000010110010101
011110010011111100010101111100
010000011101010101101000000101
100110100000100010110111010000
110101011001100101001010100011
100100011000111000001000011101
010000101000110100001100110110
001111000001110010101110101010
100000100100011111101001011000
010000000111001001011011111000
001001110000011111101001101001
110011101111111110100000001100
100001111001110010000101011110
101101101110110011011111111111
011100100100100100100101010010
001110001100000000111101101100
101110010001000110010110110100
100101110001100111011101011000
111100000101010001001000000110
010101010011001001101110001100
110111000001000111111100010100
011101101111100010110010000011
011000000001011100010000110000
011100010101011111111100000111
000110101010110100101000110000
