111111011101110111100100000100
111010100010001010010111001011
100110111010110000101111100110
110000001100001010111010000011
000101001001110001110100010001
100110111001100001111001110100
100011010011110001000000101110
011011110101010100111111001011
101001000011011110000001110001
000110110000001010110110000101
111010001001100010100000011011
010110001100101100010110110100
110011100000000110111010000101
101100100101101101010011001101
001111101111011110001000000011
010101001000000111110111110011
000110101010110000100110011110
101110100100010110011110100011
000001010101100110011110111100
001000010010101110000001110110
010110100001100010111010111010
111010100011010111000110010111
011000100110101001000100100000
000001100111101111001101010101
010110010111111011100001100001
011010110010001110100110000101
111010001110100011010010010011
010010011110100110101110001000
011111101111000011100110111000
010110010111000001110000110010
