101001010010010111110011010001
011010011110100110010111000110
000110100000101010001000101001
101101111100101100101101010101
011010101101001110000110111100
000011000001111110000011001110
011111001001001100011110011010
011000110111001111101100100101
101001111011110100001110110100
101100001001001001011001000000
011000011100110000111001110110
100000111001101110001111011100
001010000010101101101100001010
101011101010111101011001010110
010110000110011111100011111001
110110001110011011000010100101
111011110111001011011000110100
010001100111101100001111100111
111110010111000111110100110001
100110001100111100110010000001
010001111111010111111110111000
100011110000111100101111011101
000000011010100101011110011011
101010110101111011110110100101
110001001000001010100111111110
000011000001100011001110011101
010110110001011011111010000100
001010001100000011101001011001
100101001101100100100101011001
100100011010111101111110011011
