101100101111010010111100010000
101010100001110100111001010100
001110101111011011110000111111
110111011001000101011001100001
111110010100001100100000100011
000110010011011101111111110111
011101100010011001100110011101
000001111110111100110101000110
011100111110110000110111110100
111101110001010110100001100100
001010111000101100110000101000
001010001100111100011111100110
100011010001000111000011001100
000011011010011100110110111010
000001010000110000000011110110
101011111101001111100101001010
110000101101101100011111011000
000010111010011000010111010010
110001001110100010110011001011
010011111110100101001111111011
111011001100011001111100011100
110111101100100111010101111101
000111101101010010100111010101
000011111100000101101001010001
111101001001111100100010010100
010010101011110100111110101010
110111000110111101101111000111
001011011111011100000100010100
000000001010010011110101010110
110110110100110111100011010000
