110101000011011111101111001101
000010000111010010010110100010
101110100100011111010010100110
110111001111110010001111000101
110001100101010110000100001111
011110011101001011010011011011
110011000000110111001010101000
000101000010000010001111101110
011000010001110100001100010101
100110111111101011111111010010
111100101110011011101011010010
111010101110000000000001001110
110111010101111101100011011111
011011001110111000001111011111
100000111101100001111011110100
010110011010000010111110000110
011000010111010010010001001111
101110101111111001010000011111
000010011111010101111110101110
101011111110111110110011000011
010111111001110110001000000100
100010111011001111010000000110
100110001011001111011011101010
101100111100000001010100011100
101000101100110000011001001001
110100101000101100010111100110
100001110001000000100101010100
000111011000110000011011011010
001110110100111001110001100010
000011101000011001001000110111
