001010100100001111110000011001
110100010101011010101010111100
000001101001001010110110100101
100111111011101010100100011110
010110101110111100010101111000
101110000000000101100111000101
011011010111000101110111000000
001011011001110100110100000100
010000110000111001100100111010
100101100100101010001100100000
000100110011101111010100100100
010110001001000100111111110000
010010011100011010111100111001
001111101001110011100000000001
010010111000100101111001101101
011000011101000010101011001001
111000001000000100110011110011
001001010011000000100010111000
010001111100101001101000010111
010010010010011101100010000001
010110000110101010111100000101
111010000000011110000000000101
011011101101010101111111110110
110111011111011100100111011101
000110010001101000111010111111
101011011110011101101010010011
001010000011110001001101011111
011010001011111110000100111101
110101001011100100011111100000
011111100101010101110011110111
