111100111111111110000111111001
011101001010000011100000000000
111010111111111100001000100010
001000110011101010100110001101
000111000110100001011101001110
100101100100010011101100010011
011111010100001011101101001111
001101000010111011100111000100
010010011011111010011000100011
100001001010100010011001000000
111111111000011110100011111101
110001000011100111101110001101
011011111111100110011100001011
111111100010100110111011100111
010010011110111001110111110000
111011110011000010100110100101
110111111100001010011000011011
011010110111101000101000011011
110101010000100100110110010010
110100010011010000010101011010
001110001000010101100000111010
010111100110101101101010011011
111101100001100110001000010110
000111000010011100111111101100
100001001011100100110110110101
110010111001000010111110111100
010010110011101010111011010001
010011011101000001101100101110
011110110111011010101001100010
101001000001011110000101001100
