110010000011110110111110000101
001111110001010000111100101010
100101000000001101001000111111
101101010010010101110000010101
000000000001001001010100001110
101000101110111100100100101001
111010111000001100001010110010
001000011110111001011000100010
101101000100011110001110111001
010001001000011000100001111100
011000010011011000100101101010
111110100001110100101011001010
110110001100010110000110010110
010011101100011010001111101101
011001011111110110011101000011
001010001101011111011011000111
101111011110110110010101010001
100011000011000101110001001110
011111001110001010100100011101
110001110001010111101010001101
111100100101001100110111111111
111011110001001100001011011101
111100110111001111111100011111
000111000101011110011100011101
000110111011110110011100000010
110100000001011001110001111111
110010110011001011100000100001
011010110101110000100101101110
101101000100001010110010100000
010110111101101100010000001100
