110100001101101010100101011101
001111111011000111100001001101
011010100100101010100011111011
000011001101000010110101011001
011100101010000001000001011001
110000100010101110101101100111
110011001001111101000111011110
100011111100101000010011000101
110001111110010000111001010101
001101111100101010010001011001
011010110100101010001011111110
011101001001111001010101001000
001001111101100111110110010001
010101101100000101101101011011
010100100100101111110101110011
011111111111110000001111101110
100110011011000100100001000010
101001110111110110111101001110
111101100010101110010110011100
110010101100010000100001001110
111010101110000111000111011011
110010000110110010010100111111
110110001101101011110011101100
101000111100000010110010000011
011011010101010110001110001001
111011011011110100011111001101
011100010001000011100000001000
111010001110001011111100111010
101101001001011101111100100101
011010111101101100101111011000
