010010110101110011001110000001
010010101001100100010100110111
000100111111111011111010001101
010000100000100010110010101111
010010101100011011000010001110
100001100101101010111001010001
011001110011110000100010000110
100111101010010000111101111001
110011000011001010011001010000
011111001001101000010001100111
010010111101111000001110101000
111001010100110111010110010011
110001101011100100000010001001
101011111011100000100101111000
011110101100100111111111011010
101110010110010010100110100110
010111010011100110000000100100
101011011000110111011111111111
111110100000101111001101011001
100001000010000111111010000001
010010110011000101101011100100
011111101000010110001110111000
111001001010011100101000000000
111111011110011110000110110110
101001011000100110011110010110
101100100000011110001111000100
001100111011000000111000111100
111101101001101110110011101010
100101110001000001011010000001
100110000111010011100010000011
