001010111000010110101001110100
111100010101111000110011010011
101111001000110001101001010101
111111111101011001000100101010
010001101011100010010001100100
001011111110001001011011111011
001000011010011001000100010000
010000000111111110011010100011
100111100000110010111010000111
100101001101100110000100001011
001110001000110101110100100011
001101111001000111000001001100
101110001000111110111010000111
011011010000001001001100111110
110111011010100111100111010011
000001110001010111010110001110
000101001000110110011011011011
010110000011100001000000000001
000010101100011110100001110111
010101110001100111100100001000
010001010010000101010110011011
011000010101000011111001010101
111001001101100011010101011001
101010010011100111101000100011
000110001111001010000001101011
001001010111110101000101111001
001000010101101100100111001101
100011110010000000101010000000
100011010111011100011100100010
011111010110001111010101110110
