000111000110001011110110010011
111111111111010110101001101100
100111111101010111001010011100
110100101100011100111000100011
100110100100101001110101111111
010110010100011111000001110000
110001011000101101100101110010
000011101010100110010011110000
100111110001001011111111011100
001101000100100100111101001011
101101111101001011111010011000
000011011000100101011100100010
011001100101000000011101100001
001000111000001110101000101111
110101011111100111010110011011
011000110100001001110101010110
001110010111000100011011100100
011010011111101100010100001011
000100111001001011111111000000
010100111011001111000110111110
111111100010110010100010110101
100010000000000110110110100001
001111001100011010011101000100
110100101101011100011100110011
011011100010010011101100001000
011011100001110101010100000011
110010111100000111001110111111
100110101011000010000010011001
101110100010000010010101101010
000111100011111110010001011100
