000011010101111101011010011001
011111110000111010111111100110
011000111110000111111010000111
111000000100101011110101101000
001111101111110101001001010010
010110001000010110101111010100
110100110010100111100011000000
010011010011000000110101010001
000000010001111101010010011111
110111110100110110010011111001
010011100111010100101110101100
111001001011111101010111000001
110001000100100001100100111111
100010000100101110000110010000
000111110000010010000101010000
111101101110101100011100110100
000110011010111101101101010101
110111000110010000010101011011
010010001001100100111010111000
110111110000101110111000100100
011101011110111000001000100010
011111101001011010011110000001
110110000111110101100011000010
100101101110001001010100001101
010100000011100111101100000110
111010001011110100010110001000
101010011000010111111001000001
100010010100011000000011000010
010111000111000101000010010110
110110100001101010000110100001
