110010111101110110001100111101
010110000011010000101100011100
111010111011011111001111101101
011110010101111110110101011111
000010110001011110100000000010
000100000100001010100111101100
000110000110010111000110010100
110101000111100010100111011100
000110011000011111110001011110
100110110001111100111000001011
101100101110011001100001111111
011011000000100110011000100001
100100110010100111110011001100
001011011100011110001011000010
110111001100001011100101011101
011010110011111111011001110001
110100010110100001001101110011
101000111101001110010110101011
100100110110100010011010100000
001110001001101011010100000001
110000100101101100111001110111
111101101111011101001110111000
100111101011000010111110111011
010100010110101101101110110100
011100001110111011100010000000
111111001010001110010000101111
110101111111010110010100100110
111000111011010101001010110110
111110101010000100100011100010
110010110001101000101001110111
