100001111110011000001101011001
011010000100010010100100111110
110111000011001000100011010011
011011100111001110111010011111
111100101110001100111100100111
101101110011001000010001100101
000100101111010001011111101011
101010110010100110001101000000
101100010101011110011101001001
101011100000101000010001001100
001110101010100011100001111100
101100010100111011100011100100
110000010001010101011001111101
010110100001111101000111111101
110110001100001101010100011000
001100111010011111001101010111
110101000100000111001101000011
110110101100010100110100010011
010100010011001010111000110110
101111101101010100010100011111
001010000101000101000100110110
111001101100100011111110010110
011010101110110101010100001001
100101110010110100100000111111
010001010011001100101101110000
110111110100000110000010110000
100100111000001100110100111100
011110101010111000101100000000
001011101010000101101111100101
011110010111111000101011101001
