001000110001110100010110111110
110011111110101100110000111101
000101000110010110000110001011
101001001011001000000000001100
001110000000111010001011111010
101011100101100010100101110110
010000000010011101011101000011
011110001010000100101100011111
001010011011011111001111111001
001000111010001111010100110110
100001010110001110110011100101
101110100000011011101101001111
001011001010001011001100111011
110111011100101010010001010101
001011111100011111110101010100
101011101000100100010000111001
100000110101100110011110101101
011110100010001001010111100110
010111100001111010111001111111
010110011110001101000011110000
100011001101000110101110011010
111001100110100111001100100000
000111011001110110010110110001
011100001101000101100101000101
101011110100011000000000000110
011010001110101010100010010011
001100001101011110111100001001
111010010011111111001001101010
111011000011010001000010000110
111101110110110001001011111110
