010100101011010011010000101111
101101110000111000000100100101
111101111101110010010100110111
000111110001001010011111010001
001011100010101100010010111001
011010111100000111000000110001
000001111001010100101110101100
110011011001000101100110001000
101000111101010101110000010011
011100000011110010100010111001
101101010010011110111011001101
110110010110111111101110011110
101110011101110101101001101001
101100110110010011100011110000
101011011100000010110100001101
111111110001001100000111111111
110100101001000011000111111111
011101001111000010101111000100
110001101000010111000100010000
101110110001010011000100111011
011110001001110011110010010100
100011011111110001100011100010
001101001001110001010010111001
101011110101101010111111011000
101011010111000000111110111011
101111011000100000000001111011
000100000001111011110010100111
010011110111110110010111101111
100111111100100011101110001001
010010000010101101010111110110
