101101110101100001010001011111
111011101100101010000000111100
011010100110100100010001101001
001111000011010100111101001101
001010111010100000001001000000
110101110100010101100101011010
010001111011000000110100011000
110101010010100011001110101101
101100111111111000011011011011
010011101110010110110111010101
100111000001110000110000101110
011111011111010001010011100001
100010011010101111001111001001
100101011011110100000111101110
101010011001010101110100110111
000010000100101010111100011111
000000100000000010111100110010
001101001100010010111101110011
010011110010001001000011101101
000110111100111111010100100001
100010101100000100111000010101
111100110001001101011110100000
010000011010001011000011011101
010000101101101000000110101011
101001100000000110101000000010
010110100100011111100000100100
011000111110001000000010001111
101000110011111101100011100001
001011000011101101100001010010
011101110010111100010010111101
