101000101100110010111000010011
100000110000101010000100011100
101011100011110001110110111001
111110010101001000101111010001
101010011011111001010010111010
100010010111110101110010100110
110100100001011111100110001110
010000110111000000001011100000
000101000111010011001110011110
010110011100110110101000011100
010101101101101000011110101101
111011111100111100100110101100
100111011101011101100100100110
011110011000111011111000001101
010000001001110111011101010001
001101011000011001111001111110
111001111101101111010010101001
001111010100101100110110001101
010011101110101100001101011000
101000001011010001110011000101
100110001001001111110110101101
110101010001101011100001101101
101111000010100101011000011001
110101101110111101110100110110
001100010010111011111100111101
011010111011111110010111100110
110111011000000010001000011011
111111011100110010000110111110
010001010011110001010000101011
010000110001100011100000100101
