101110101100111101011111111111
001111010110100011010111100100
011111101100010100001000110000
110001110010111111110010001110
110101100100011010110100110110
101100010001100111000011111001
000000001100110111110001110001
001111001010111011110001111011
100001100000101100100001011000
111011100010011111110001011110
001100001111010101101110101001
000000101010100101010101100000
010000111101000000011110010010
111011000011101100001110000010
000010110110001101100010010011
110110111101101010001111000001
111100100111011000011010100111
011110100001010000001101100110
111110110111111011100001100111
101111011001001100011111110000
111101111010000111100011011111
111101001110000111111010101100
010101011011001010011010010001
001001011010111111011111001010
111100000011100010101000000101
001111110110110000000110011100
010011110000111010101101011100
101101110010001111010011010101
011101000101001011000010100011
101100000111100101000000111000
