101111110111000000010110110000
010010101001011111101101000010
110111110110101111100011001100
110000011101001100011000010110
110101000001010110011000011101
101001101101111111110101100100
001100000101011011011111010010
011110011101101011001011001011
011000010000000111000010111110
011011100110111101011000010010
001110101000110001010000101110
011110001000000110011001100101
110001011001001110001100101110
000100110011010010110000100011
010101111010011011001000011011
110110001111011101101010110011
110111011011111001100111100010
110010010100010010110011110101
011001000000111011010110101000
100001110001011000001011101000
100001001111000000000110100100
011010110010001101011111010101
011100101000001010000101000000
100001011101001100101111101011
011111111100111111010111011101
100101011100101110111001110101
111010100110001110011101000010
010101101011100110000101110000
010011000011111110101101101010
110000100100011101100101110010
