110110010100000010000001111111
011101000111000110110000011100
001010101100100000110010001011
111111010101010110011011100011
101110010111011001001011101110
001001000010111000000101010100
011110111000111011010101111101
001100001001001010001110011101
000010111110110011000010010010
100001000100110001011101000110
010000001111110110010001110001
111000000101100011110001011001
010011100000100101111000110001
111011100001100010011001001001
011101111011010011111011010011
101000000000111010010101000100
011101011001001110011101010100
100111101000100101000100100011
110100000001001111000000111000
011001001100101001001100100110
100110000000000010111111111010
000011100100101111101001000011
101100111011100000000011110110
110001101110110110100011111000
100110011010110001011010011111
100100110000001100000001100010
101111000011000001100101111001
000101011011001101011111011001
110101001101111010001101011100
000011011100101010010010000001
