001001000011001000111001011110
101001111111000101111001010001
110001010001111110000001111011
110011001010000001011100101100
001101000010101001001010001100
000010011000100011110010110001
010110001110001111111000100010
010100110001010101010000100110
100001001011011110100000100010
110101000011001100000011101011
110110100010111000110010110110
010100100101010111001011001111
111111101111000010100010101110
000100001101101111000011000100
011101101110000111100110110110
010100010000110110000001110000
100000000110100111001010100000
001010000110100111010010110110
011101001110100000100011111101
101000100000111010010011101100
111001001101100100001110011101
001111101011110000101111110010
010101001000001110000010100100
010000001001111100101010111101
100010000100100001010110100101
010001110011000110011000100110
110001001001110001101100100011
110000011110111000010110110101
111011010110101000110111010100
010010101001011101111001110110
