110100011010011101111110110101
000000111001000110111111011101
110001100110111011011101011100
100001011100100110110000001101
001011000111111011100110011101
010010010110000001111000001111
000010001110110011000110101110
011110000110000000111000000111
101111000101010100111000000011
110100000001110101110110010100
010100011011011111011010001111
010001111000011111111001000100
011001010110001101011011000000
110100111111100000111111110010
110110101101011110110110111001
101101110000111000000011100101
101001111010100001010011110001
111111011101000100101110011100
011110101101010000110010100010
010111100010110101100111101001
100010101001110100011001001110
111011111010111110101110001110
101100001101100100100001110100
000011101001101011001000000111
100000000110101101101001111101
000100100101100000001111110010
011101101100001001101110010000
011111101110010001011001011111
100101001010110110111100000101
011010111010110110011001100011
