100111001101100111001000001000
010010101010100000010001101101
000101011101011100011111100111
101101110111010011001101011111
000111010000011100100100011011
111000101101011001000000010001
101101000000001000100000010101
110111111011110001011101101001
110000111101001111101100101010
001100001101111101101000111101
111110011000001011110010111101
010101100100100101101111111011
010101000101010100110001110000
011101101101100111111111101011
011010011011000110001100010111
011010100110110010100101110010
110001100011110101010110101101
101011010100101010001001111111
110000010000000101001010111100
100100111010100100010010010011
000101100001100011111000000000
100010111011001011010101100110
010110010000111111100100101000
010001101000100011001100000101
110111111100101100110100000011
110101101111001111101111110110
100100000010011000101101100110
111001110100000101010101100000
110010010011000001011001100100
011101100011010001001011001111
