111101001001001000010111011010
001011111111001111010110000011
000100100000101101001010110100
110001100000011110100110111111
000110001101100111100111011011
101011110010010011001110111001
100010001101011100110010011011
101100011100000111001110000101
111001101100110101110001111101
001100001101110001111111000000
111001110010101011100100010011
000001111000101000011011011001
000011101001011000110100010010
100001100101010110101000011100
100011100101001000111101101110
110001011111100011101011101110
100010001100110000001110010111
000001100001011001110100101001
000100001110010100010101110010
001000101101110101011001001000
011100111100001000101011010000
111001101000000101111100110000
011100111110100100001000011110
100101110100101111101110110101
001100110111001000010100010001
010000101110100101101110001101
110100001011101111110111010111
001011010001000101100100000000
010001110110011100101101011011
010101001001101000110110001110
