111000000101001001010000001111
101111010011100000101000111110
000101000011001101100100001001
000101000100001101100100011000
101010110101011001101010010011
100110100011001011011111001001
100101101011011100000101111001
101001100110000010100000101000
110111001011110110001100010001
110001001110111010110110010111
010111011000111110000101000100
110101100100100010011000000111
101111100100110000111001101001
111010110100111000100011000110
000011111010110110011011011110
011101011111100001000001101010
110001011111000101101011011010
100110101011110001000001101010
101100110101110011111101001000
010011010111011100101111000011
011100110010011111110001100000
101001111110010110110101111010
000110000101101011101111101101
111100010010100101100111101000
000100001010110111001000000010
100011111101110001111011010001
010011100111011101001100000111
111110110011100101001001000000
001100000000100100001110011111
110110011000101110110101011101
