111010100011100001110101000001
010010101110111010000100010101
011110100011111101011011100001
110000110011001000101000011101
000000100001011010111110010111
001001111011000111011111101101
110101101011101000100101000001
100000110010111000001010011000
001101000101110010111110100100
111000100011101100110000111110
010110011000100011011101010001
110110110000101110101110000100
011110111101000101011100101110
101010111101100011110101111110
011010110000011110001111110110
110110100001010001011101001110
101001110010111101111000001001
101011010100001010111011101000
001000111010011101001011111001
110000100001000011100010001100
011011100011110110011011001101
110100110111111111011000001010
011001001101101001100101010000
100111111100110100000011010001
110100011111100001110001001110
011101001101010010110000000100
011101110011110000000101100110
010010110111101010010100110011
001000111101110000001110101011
010110001110011000010100001000
