011001001101001101111001000111
011001001100100111011010011111
111011100100011101000100000000
110001010011001101010000000100
100011100011101110000011001111
101001100101011111110100011011
100001011110011010010000111010
100001011001010111111010110111
100001001110100011111100010100
001001100001111101100111101111
000011110100100110011101000000
001011110100110111001110110011
110010011011001100011101111110
101100001000101110110000110010
010100110100111110011010100111
100001100101110110100000001111
100100011010101101101010001111
011111101111100011111110000110
000110111100101000110010110110
010000111100001111110001011011
001101100101101111000111001011
010100100001010011100010011101
101000011010010100110010100010
001000001000000110011011000011
111111011100111100000101110000
001011010011010001100101111011
111110010110001111111100111011
010001001100100010100110010010
011000001011110110010111010100
110111000110000010110011000001
