010001000000100110101110101110
100000001111000110111100100001
101111001011100100110001110110
010000111000111000011101001101
011001011100111010000100101110
101000101100010110111011100000
101111001010100110100001101111
110011011101111011110110001100
101011010010010000011110010011
011100111010010000101000100110
010001110001001000001011110100
011010110000011010111001111111
110000111000001010011000101001
111100001100111011111111110000
100100110000011100100111000101
011000001000111000011001100000
001110011100000110000000101100
001100001101011010000100101001
010110100110000000010000110100
111110000100000111001000000101
010011011100101101000110000000
001011010111010000001010011011
000101010010110011010100110000
101110010001101111011000111101
111010001101101000110100101111
001010010101101010111010010110
001000101000101010001101001010
111100101100101011110011001011
101111000100011001110101111110
010001100100100101110110001000
