111111101100101001000000101000
100011011101111001011110011111
011000111111010110010101100000
010010000011000101010011011001
101111010011000011011010000000
110011100011111001101011111100
111010011001010010001111011011
010001110000110100100011101111
101011101111010010110011110101
111011011000100001111110010000
001111000101011101000000000111
000001110000010001000011001011
101010010000101111111011010011
101010111111011111111011111100
001100000111001001110101011110
010111111001110111000110010111
010101111001000010110111101101
101101101011101110010110000110
101001111101110000010011010001
111010000000110101100110100010
000100001101010000100100110111
011000110010001000100100110111
011111101110100111101111101001
101111100010100010001110100011
111001111001100100010100101100
011011000101101010100110001101
011101101010010010011101001111
001011100011011101001100100011
011101101000100101101101000110
000000000101010010101100111010
