010111011010111110101011101110
000011010111100010110101011111
111000001110011000101000000000
111100111001110111000111101010
011110100110101000110011000101
110101110001001101101100111111
000110011110011111000110001001
100011000001001000010011111110
011101100100111111001011110011
010001010111110100111110110111
100001010001110000110101011000
101011110101001011110011010100
110000111110010110100101101111
110011111000110100100011000100
010001010100000100100010001000
010101000110110000101100100010
100010001000110000110100101000
110000010001110101010000010100
010110110100101011001101101100
110100010001101001000110011011
111000110001101101001000000110
110101111100000000100100110101
010100000110010001100101100010
111111000001101100001110001000
010100000110000000010100001001
011101001101101100001111100001
100111111100010000101100111000
100100001000001010001110000001
100111110111100110111001111010
110011010110100110011011010101
