110110000011000100001010110111
000111100010010000100011100100
110000010011010110010101011011
010000000011100110010100100010
001111001011100110110011010101
001000110011011100110000010100
110010111011101110001011110110
011111111101001000111010111101
100101011011001001011010111110
110101001011100101000100100101
111001111100111000111101000100
001000000000101001001011101011
110001100000001000010111110001
011100010000101000110000011010
000001110000110001010100101000
011010110111011000100010000111
100000000101101011001110011010
010011010110110000000110011010
101001111011001110000001000010
101111001011100111010100111100
010010100101001010111110110011
111111010110100011001000110000
110001111010010011010011000010
000000010110110001100011011110
110110000000111001000001111100
000011001010001011100101101001
000001000010010011001001000111
001110001001001011010110001111
100001011101001010110011111010
000100101010101000111101100100
