000110111001010111001011110110
111100100010110010010011110001
000101111101011101101010111011
001010100010000111011110101111
101001100100001001110011100000
000100110010010001101100001001
001000110101010111111100111010
000101001111000111010101011101
101001100101010110001010010110
101000100010010101001110111001
110101111101110000101001110011
111111111110001101001000011011
101100011001100111001011010100
111100100101010100100110011110
110100110101111111110111011001
011110100010001101100100111011
100000011001111111100011001110
011101010010100011000110101101
111101101101000110010100101101
110000110010101111000110111001
000011111000000110011110100000
011010111010011010111011010010
110011000001111001100010100100
101010100110100110000111100000
101110110011111100111101101001
011001000101000100010011100000
101100011011111111000110001011
101110000111110100110100111111
101010010000001110000111001000
100001100100010001011010011000
