111101111001010001110111101011
100010110010110011110000101110
001010110111001111011100000000
000001111101001101101001110001
111010000011001000110010111111
000101010110000001001100110101
100111010110111000001001100110
100110101000100000001000101010
111101101010011100100000011110
101100100010011010100000110001
010111110000001000010101111000
011000001101111110100100001111
011101111011010010111011111101
011000101101101101011010101000
111000100011101011001000100001
011101001111111011001000110000
101001010100000111110110011110
110001010110101100110100101100
110100101111010011101110001001
101011011100111000010000110101
010001001101101101011000010001
011110110010110100101110000111
001100000010000100110110011101
011101111000010110111011001001
100000101011011111010110111010
100011000001110101011101010110
110110111100111101011000111111
101101101011111011011111001010
001001111101100100001101101010
000000011111011111000010101010
