101111000101010011000010111111
010001101000000000010111101111
110001010011000000000101001000
110101111000110110010100111100
010111100000000101011111111011
100011111010100100011101111000
101000010001111100010001110010
110111110001100011100010111111
110111100100010000001010000011
010001111000001100111011110000
110100100100001110101011011111
100111110001011101111011110101
111011110110011001110010011110
110100010101010000000011010001
111101001110010000100100000110
011110010110011011010111110010
100001001100111110011010001011
110100111001100101100111000100
011101000110101011101101110001
111101011010111110011101100100
110110010111000010010101010001
011101110000100011110100101101
101101101000100110001100000010
010110010010110010001100110010
100001010110100010010010110100
101000011100000011010000100101
010000001111001100000110000100
000010111011001110110101000001
100000011101001100100111000111
101101010000111100101010001110
