001001101111100110111111100110
110011000101001011010100001011
010101111110010100110000110100
000001101100011001101011111000
110100001110110111010100100100
111001101100010000110101111011
011101001110100001010101100010
001001100101001101001110110010
000101000001010111110110101010
101111000100001001101100100111
010111100101011001000100000110
010001011010010011111000000000
110000011100101000010101011011
011111100100110110010110010010
100000000011111000100001011001
000110111011010001100010011011
001110010100111010100100011100
000010111100001101010100111100
101101001100011010110110101111
011001000110011000010110000100
101010000100001010010111101111
110011101000011010010000110110
011101100010011000101101010001
111101110010011011011100100111
011010111001110011000110111110
001100111010000010100111010111
101100110111110000001000001111
000001011110001001001010001100
011010101100110000001011110011
011001010010011010111000111001
