100110001100010110111010001001
100000001000110101000001101000
001001100010101100010111100000
010110101001011110101010011011
000110101001110011100000111100
101001001010101011010011010111
011101101101110111001110001011
010110011001101000110000000000
111101011000010111000100011100
000000000010000101001000010000
101100001001101100101000001111
010001111011011111011100001000
011111101110000101011010101000
101011010100010011101010111110
111000011000111000110101111111
000110100101111001001000011101
101111101100100100000111111100
010011001001111101010101100011
110000110011100100001111110001
001000111010011011010011110000
100101100100001101011101100100
101001010101011000000010101010
010110111011101001010100000101
101110110000111011010011100001
110000011100010001100110110000
011101101100101001101000100101
100111010100111101101010111100
000011111001100110000110000111
011100111011010101000100010011
011010010110001110110101111000
