010010110111000011001011001011
001110001100101011110101011011
101010101000110000111111011010
110101111100101101000101111001
100001010111110000111010010000
011111000101011111010100010110
011101011001010110101100101100
101111110110100010010110010100
110010111110000100110000011011
010111011100011101000010111011
011100111010110111110111101000
000101110110101001111100010011
010101110111010110011001001111
110111000001110101001011011100
001011110001110101001001110111
110101100100011011000100100101
001110000000010111000100010100
101100011100110101000010101010
111100111000010111011110111010
110111110011110010010100111100
011100010010000010101111010010
101110001101101101101000001000
111010011110111100101110111110
110011011111110000100111101101
001100001101110111111101111100
101011001111011110111000001011
100110001000011110010111000000
100000111010000011101111000100
000111001100101000111000011110
000011111011011110101001010001
