111110101101010101100100000111
100110001100100101000011100000
001010000001010001001100111111
110010110011001100011011110100
010000001111001110001101111001
100001010010111001110000100101
110001101101111111101010110011
101011101010100110100001011010
101110000001111001101000100000
010010111011100101100001011011
101000110010011000111100010110
100010101010001110100010001111
110110100000101001000000110111
010110111110101101011110011110
111100010101001010110010111110
111110110000000001111111101010
011001101011000110010001111001
111001000000001011001000001100
100101111100101010001100001011
000001101111001000100111000111
100110111011101111100011111111
111010010110100110000100110011
011101111110100001111000011001
010010000010001000010000100101
100001101101000001111010111100
001110010011100101011011000010
000011011000011000011101000110
110001111110001101001101011000
010011001000010001001011010001
011110110101100001110011001010
