011001100000000010011010011101
001101010000001011111001011110
010111000100011111101111011111
001000100111001011101000110010
100001100111001000011111100011
001101011001100100000000101010
010001011000110010010111111111
011100000110001111000111010111
100001000110101110011111001110
101010111000000100000000101010
101100110101011010000111111010
111111000111110000100110010011
000000011110010111010011011011
111110001110010000010101000100
001011101111100111000110000000
010000011110001100001001100000
011101101111000101001000110111
101011011101100001101001010001
011011101000101011101100110110
100010111101111010100010101101
110100011110000110001100111100
100101110100101010010011101100
110111011010000001111000000111
111100001100111110010010011010
011010000011010010001100000011
110111010101011101111100100111
001100010110000001001011001001
110100110101111100000001000100
101000000110100101001110100101
000111111111111111010100010101
