010111001010101110100111000111
111001010010000011011000101011
100111001000101000110010110001
000010001010100100111010000000
000110111010011010100100110110
000110101010011010011000000111
111011001011100010001010100001
001001010111100110010001110101
010110100010111101000010001010
001000010010011100010010011111
100001010000001110110100110111
010000100111101100000111011100
101000110100110110101100000100
010110100100001111100101111100
101100110100111010011010010000
001011001001001110110100101100
111010101000111000101111001111
110011101000111101110011000011
001010000000111011010010110110
011100101100001110000000011011
111010011101010010100110010100
001101100011111001000001110001
010010111100100011101101000010
101011100011000110001110001110
101001101001111010001100011111
010111010110100011010110110100
000011000101000110000111000111
111011011000011100000000110001
110010101001010000101000010010
000010100100011110010010010100
