101001011111111001000101000100
001001010110001011010000000010
110101100010001101001001101111
111011000000101000000110110110
101100010111111110010001100000
101101100100100000110010100100
011010101111100010000100101010
000100011100000111010111110011
011010100111111110100000111111
011010100011010100111011100100
000110000100101010111100001101
001111110010000011001000011110
011101001000000000001111111011
001100101000000010100001100110
001010010010011011101010101111
100010100001101001110001110001
001011011100111101011110000101
101101000010000010101111110000
110101001111101000111010010000
010100000111111101001110001110
000101100001100111000110010000
010001100100011110101000001111
101111011011111011111101010100
001010101100111001110011010000
010100110100100011110101001001
010110001100010010010101010110
011011110001011000100101001110
011100000011001001110001100111
010010001101100011111010001011
101010011000100011001111110100
