011001100000000110001100011000
000111111110110010000111100011
110010100101110110111011000010
100001100000111101000010100001
101011010001100011110000011011
110001101011100110010110000100
110010111011111000100111010010
111011110010101000010110100101
011101101011100000010001111011
010010001111110111111110110100
110001101010110100100100110000
110000001000011111000110101011
110110100110011000110111011001
100011110010110011101111010100
001000011101001110001101101110
101010110101101001000110101100
110100001000011001110010110000
110110000000011101100111011010
000000010100010010110000000011
000110010101011111011110111101
001110111110101100001110011100
100001101001110000010100011110
110100111100110101111100100100
011110111001010010001101001010
000000111011011000000100011101
110101111110001100110100110011
101101000001001001100011110010
111011011100000000111010110111
010111100000110011101111111000
111000100101101000001110110000
