010100001000011001011101100111
011111000011001010010111110101
110111100111000110111100110101
010100011011110010101011011100
100011011011000010000000111010
001011011000101100110110000100
111010011111001000111110100110
000111001011011000111101011011
000100001001110111110110000000
110101110010000110100001111101
110000111001100010010001101111
111100000000010010000010111101
011111011001110011001001011100
101101100000011111001111110001
101100001000001110100000001011
001001101001111101011000111111
101001000001010001111010001000
010010111011011001010110111000
010111100101111011010000000101
001000011000111101001011011001
111001101010101110011110101100
001001000001100110100001001001
001000111111010111010010111111
110000110000010001101010111110
001100110101011010110101000010
011110111011100110000011000010
110001001010111111000000100001
101010011011101011000111111000
000001110010000011110010010101
101110001001001011101110100111
