110111110100000111001000001100
111111110111110001001111010011
111101111111011110011101001011
110110001110100100000011001110
100110011111101101001101010111
101001000100010000101101111110
001101011011101000100111111010
010011001101000100001111111100
111000101011001010001110111011
010000110101000101101110100101
101111100001101000010000101111
111000111100110010010100101111
100110110011110101011010100010
011100011100001010010110100001
000000110101000110101100111111
010000111110100101001101011100
101110101111101101000100010001
100011011000010101011000100011
010110010000100101001010110001
000111000101100100100011011110
111010000010001011100010011010
100101010001110000100000001001
111110000011011100110100111110
111111011101101010100010011110
101001100111110001101100011100
011001100100011000110110101001
110010011000001001100010100001
110001100110000111000100001011
010001001011110100110001010010
101001100011101010011100001110
