011001010101011111101000001011
000101111111000101010011100011
010101111101110100000010000000
011101111100000000110101000011
100111000001110001000101110010
010010110101101101010111000111
110011011101010100111110101010
011111010101010010110011011011
000111101011101011101011110111
001110110100111011101111100111
001100110011010001100010111101
001001001011000011001001011101
011100011000010100010001001111
101110110111100000101100101111
111101011000011011011001101100
010111001111111001101110111001
101011101000010101101010100100
000101100000011111000001111111
000110010100100011110101010011
000010001000001001100011000000
010010100010111111001111011110
101101011101001010000111010001
100011101110011110010110100111
011110011101110000101000101100
010100010110111110110000011010
010100101010110011101111110101
010000101101000010111100100100
001010110001100001001111110000
001100010110110011011100110110
111000001100101010010111000011
