000010001001011110111100100010
000010010010001011000100110110
000011011111010111010000000010
000000010110100110011001111000
100010000100110011011100101110
000100101101111001110111101010
101011011001110001011001100110
100100100010101001101000100100
000000101101100110000000101111
110011110101000110101101100000
100100100000110111101010110001
111010001010100010110011100011
110000010100110110001100001111
100110011001100110101000011001
001001111100000101001100110000
001101010100010001100100011011
011100011010111110111001010100
010000011110011101111110010111
111101110000110011111100110000
111001000101001000111100101110
010110100001100000100100110111
101101100110111000100011000010
101110011010010110111110011011
000011011010000101011101000110
010110110101110111100101110001
011100111001010001000111110110
111111001010100110000010011000
101101000011010111011000110010
100110101011100111011010111011
001110011100001010101101110100
