001111110010000000000010000001
101001100000101110101001110111
000111010011001011011111101011
110111000000001010100100010100
001001100010101111011110010111
100001111100101100101011100110
001000111000010101011110111110
110010100010101010011011101010
100101111100011110111111010111
000001011011010110011100010001
101001000111010011101110010101
100110100011101110011111111010
011110011000011111100011011010
001010011110001110000011010010
001110110111000000000001001011
110000100100110111011010111001
010011011100100001001111111101
000010111101011101100001111101
100000001000101101111100001110
011011001001000111001100011001
011101100101011110100111011010
100111011011010011011111010011
111001000001011011000011001000
000111110010101111000010010110
110011001101010111110000000010
110000001010100110101111100111
001001101111001111000011011011
100011011100010000100001000111
110000110110101001001000110001
111001000011110111000111001101
