100101100010000011010100110110
011101100000100110011110011011
111110101110001011101101110011
111010100110010011110010100111
000010011010000011000011101000
011010000110110001100100110110
000000001110011111110010111111
010000011010111100110111101100
110011000001000010000001111000
101110110100111100011011010100
011010101111101001111000100010
000110010001001001010111101101
000000010000010101010010110110
101011011111100010001100010011
101011110011101110001011000011
110101101001001000100010000011
111001011001101110100010011000
001110111101100001100101001101
010001010001111011100011010010
010101111011100111100110000000
110101001011011010010000000010
101100110100101110000011011111
100101111101011101000101000101
010011000100000001001010111111
010001000101101000010000001110
011010110000011111010110010011
000101100101110100110101000000
110010001010100111000100100111
110011101011110110110001001101
110011111000011110010100011110
