001010000000001100010110110000
110010001100111000010111000001
010001100011110100100000010010
000110100110111011101100111101
110100110111111101001100110001
011000101101101111011001111100
000100111110010011110011000110
100000001101111010100101010010
111100000110010111100101000010
100100111001011100111100110111
100110111000110000000001100100
100010111010011101001000110111
100010001111101100110011110100
011001010001100110000010010010
110000011111110000011011000100
111100000111001011111111101000
010010001110110100000110010011
100000011101110011010011111010
000101110001111000101001010101
010101110111111000101011100100
111111010100011110000111010000
001111101011110111011010000111
110001001010010110111111011111
101011100110000000010101111101
111000100101000011010111011110
000110100101011100011001100111
000010110010011111010101111110
101001001000000000001110000011
001111110100110110011110000001
101101011101111010101011100000
