010100001010111011101100010000
110000110101110011011010111000
000001001011101110111100101011
110101111011110010001110100000
101101001000001111100000010101
010101101011000110100110101011
001001011110100001000011010111
001000010010110000001011010000
010110000000001100010100001010
110011000111100011101100111000
010110011100000110101011110111
100110011100001100110011001010
101110110010001100111001011110
110111111001101010111011001001
110100111010011110110100100011
111110001110100101011111100011
001010100101000111011001011011
100101000011111111011111111000
000000101111101100000100101001
111111000100000011011101000000
101011101111010110001110100001
000110010110001111001010101011
101111010011011000101110001001
010101000101111001111111000100
001010011110101100110001100110
111011010100111010011010111101
110100110011101000001000110001
100100001100000001010001011111
101011111111001101001000001111
001100100011000111010001001110
