100111110111100001000111101001
101000010110111000110111000110
110010010011110011111110100001
011010110100110011001001111101
110110011110101010000010010011
010001100001011001011111001000
110100001111000100000101011101
110001000100011101010101001010
011111100110000011010011110111
011111001001111100010100101000
110111001110111111100010000110
001000000101110001010110001010
100101011111110000111000011111
001000110110000010011101010010
010010000110101000111001001010
001111000001111011000100101111
001001001110001001011001100110
100101100100001100111001100100
111000101110000011010111101111
111011110100000011111001100111
100001011101101101000111001011
111110000011110000100101001110
010000001100001101011110011001
001111110010100111100110100000
111001100011110011001011101100
011101010101100010011110011000
110111010010001001000110101100
111111111010011010100110100111
011010100010110010110001011000
110110011110011101011010011001
