111010000111111000100001111111
100101100010110111000101110001
001101111010101001000001001100
100101000101100011111100100111
001101110100010011010001000111
110001011001011100111011010111
001100010001001111100110000011
110001110111010010010110100001
100011001001001100100110000111
110001100111001110100101101101
011110100010100100101101010100
111101110101110000001011010100
110100011101010110101100100011
000000011001110110100100100110
001101101101001101111010101110
111011010010000100000100011111
101100111110011001011111010101
111010101001111010110101000100
001010111001111100010001101001
100011000000001001100011010110
101101100010000100000111000000
100000010101000111001101100001
111111001110000101010111011000
001111110000010111011001001001
010110110010001010010001111011
111111000110101101100010011010
110101000110110011011101101101
100000110100011101111011110010
001001100101000001001100101011
011111011111110100011000011101
