010011000110001011101000001001
011001100111000011111100111101
110011010011011011110011110111
100011000111000000010011011111
111101111000010110101010101000
100110000101100001010011111000
100111111000110010111001101010
101111001000110001111101001001
111110101101110101111111110010
101101001110001111000110110011
101110010010100000001000001011
110101000001111111000000001100
111001001101010001101100111010
000101111000110111010100010111
001010111100011011000010000011
001110011010010110001110110111
111111001010111111001100000111
001110000100110000011010011001
000111010111100110011101101101
111000101110101111001000001001
110011011100001001100110001011
111111100011001100010011010010
100010010001001110101110000010
001011100101001111001000001011
010011010001010101101010000000
101111100100101010000100010101
111110101110110111000111011110
001110100110110101110001010010
010100101100000111001100011000
001011000001100111011000101011
