011000101111000011010110010001
011000011001110110110000101000
000111011001101010000001000001
000100011001001001111101100010
001101111111111000011011000110
010111000111011001100100001100
111011101110101010011011011010
100001100010101001101110110000
000011001001010111111110010001
000001000000101000100011010100
011110110011010100101011111001
111111110001100101001000111011
010010010101100000000110001001
110111101101000111111100101000
110001101100110110000000011001
111101111010110011101001001000
000010010111011110101011111100
001001101001000000011110101101
111000110000111011000000110010
001111010000101101110000001011
110100010011101011111011000110
001100010101000111101110000011
011011111110111100001110001110
100011110000000010000011110111
001111011001011011110011101100
101101101100010011011010000110
101000000101100111100010101010
111110011000010111110111001010
100001001110000110111111011001
110011111000100111010110100001
