010100111110001000011110101011
101111010010001010010000000111
100000010111001100010101011111
010011000010011000111011001000
011101110101000001000100011000
100001010000110110110100111110
011001010000001101111110001010
001010100111101101101000000101
001110010000100011110010111000
011110001111101111011010000111
011011011110010011110110110011
110010011110111011001110100001
101000110010010000111010110000
101110011000011110111101000000
110011011011000101110101101100
000100110110000000100111101000
100011011000110111110000101110
010011011110011101110011001010
100111111000110101110011011111
011000001010100101111000000100
100111000110110010000100011101
110111010010011000011011111100
111010000111010010010111011000
000011001010111010100101010011
010111101000110100111010100010
011111001001100111100000110000
110000111101011001000011001101
100011001010110101000001111011
101111001111111110000001110111
011010011110001010111101010000
