101100101000011010101101101010
011011011111101100101011100000
111110111011011111100101000100
110010011100101101011111000101
000010001001111100011010100000
100101100110000010100011111101
100111011001100000101011001110
110000110101011001010010100001
110100110100011010110010010111
110111011100010011111010101000
100011001000010010111010000111
001010000101110001110011110011
100100010101011100011010110001
011010000110101010111001110010
001101101101011011111100100110
011101001001010011000001010111
101111001001001110001011000110
001001011001001100001100000001
000011110011110110011110101000
010010110100001010110111100100
011001101001000010011011010011
011001011111000010010000101100
010001011001010110011110000011
010000101010111110110110010110
000110101101100001001100000100
001111011000100100100011101000
011001101000111011100101011110
101010011000011011011110100011
000110011011000010101001011100
011011101100010110001001101010
