010110010110100011101011001110
001000010001111100000000000000
010001010011010100001100101100
110001010111110100111011000010
111101100111100110001001111011
101011101100101110011011000111
110010010011010001010111100010
101001111011100111001011110100
011010110011011110010111010011
110110010101000101000100111111
101000101000110010000000100011
010100010100110011011011101110
111001111111000011010101010111
101010101010011100110111011101
111011100011110011010010110011
110010001010110011001111110011
011010001000011100111010111101
000110000111000001110101110101
000000010100110100100111111101
101101011110011101001101110100
101011100010111001000010000100
000110000100011000110101001110
101001101011011000001010101100
111101110001011001101110100010
101101011011100100110000001011
011010110001101110101001001100
000100011101101010111010000100
001111111111101000111010011001
001010101111110011100111011100
000011001100110100101010001000
