001110001010000101101001101001
001101000001001001100011000010
011110011010000011010011101001
101100010011111110111011101110
011110001011000001101001011001
001010101000001110100010101111
001000100001000011001100010111
001011011101111110010001100100
001000111111010111100111110001
000111101000101111010001001101
101101001001011101111001110111
100111010010101110101001100001
101011010010000001011000010011
011110101111101010101111001100
001110101110100101000101101100
011001101011101111000001011101
110100111101111010111110111111
011001011101101110001001101110
100111101001100101010011010111
000011000100010010101101101110
100001001011100010101000101111
011110111010001101100110010110
100000101011101010100000111111
010111100110100001100100001101
000001000111011011000100011010
010110110011011111110010100010
100100101101101111101010110111
011110100001101010101011001000
101100010101111101011100111111
101100000001100111010001000000
