011100101000010011100001000110
000010100100101101111110111000
000111001011000000011111001111
101011111101100100011001111011
101110001001100001001100111001
100000110100110100100010100111
110001111110010110111011000010
100000100100101100110100110000
011010001011001111010100110001
111011011111001011000110110100
111011000001011111110001111001
101110000010101101101000111110
100001111000101001010011011001
000001100110110011011101011010
001000100001001111110100100111
110100110110010000100010100011
110011001010011001110110010010
110000100101000101000100011110
010101000110100010100000010101
011000111000110000110111101001
101000000101111010010010001100
111111011011011101000011000000
111111100010000100011000101100
001110010110010111001101111010
101011111011111011110011110101
110100101111000101101101010010
011111111101101101110101010110
010110101000010001101010010100
011000011011010010101101111100
010101111111010100100110100000
