010001000001111101100111110010
110100011110110011001000110111
011100001001110000100001101011
110100100000011001010100011100
001101100101110110101001111011
100000010110010011000000000000
000011100000100010001000001001
110111011101000000000010100001
110100110101110010001111001011
100110110010110001010000101010
101100011010000111001001101011
011100001010110011110100110011
101010110011110000000010101011
100000011111011111110011100001
000010000000000010100000011110
000111100100100110010111101011
001000011101010001101110101111
010001011111110011001111101100
111010011010100100000001110101
011011001111000010001101100100
010111110110101011100000001010
100101101100011111111111011011
100000000100000000011011011001
110110000111010010000010110101
000001000101101101010001000001
010111111100111110011110111110
010101001111101011100111111001
010001111000010010101101111010
000111010110101110011101011110
110100111000010000010100101110
