011110010101100111011100100100
011011001001000100101101110101
010101001101001001111101011010
010101000110101110101000001001
110101101101111010100111000111
101100010110111011110001100101
000101010011001110011100110101
110010000010001110110001001100
111101101111111011111001101000
101010001001111000000100010001
010001111100110110011001111111
010101001010111010100011100111
100001000101000000000010101010
100110001101010110100000011111
001101101010000000010000000110
001001001001010100010110011000
010101001001000101011110110100
111010111011101100011000100101
000100111101110111001110000101
110111111011000010100101100110
011100101001000110001111010110
000110011001010110001110111001
101001000011101110100110011000
000100101000111011101111001100
001111111100101011100001011100
111001111000100010000011101111
000101000101110000110010111110
111100000010101100110100100011
111100101011010111110011111001
110111111010011001011110100111
