110000000101110000001000000011
011111011011101110000000000110
011011100100001101010111010100
111001101100011111110001001001
001100010110001000101010010101
010110001010001101011101010101
110100100011110000100110110111
000110101001001111111010100100
011000011111001110010001000100
000000101101001111111111111001
000001011011011001101001111010
001000000101010110011111110000
001011011010000111001000111011
100111000111111101011110111100
110010001010100100100000101101
000000001100001111000101110000
101010100111100100111111001001
110011011110101111011111000000
100011111111101101010010000111
010011100011011000111001100100
110110001111111011101011001010
100100111101000001111100011111
110101010110010100001111100010
011001001101110101111101101000
101111010110000101100110010110
111000111000100000001100111001
000100010101101111101001001010
011010100000010111110110010011
000111100010001110101101000101
001111100011001111110111011101
