011010110000110011100100101111
110110000111001011011011010101
110101110011001110010000100000
001111100011101110000101001110
110100101000110001100001111110
010011110110110100101001111010
110111011010111110010010110010
001001111000001110101011010000
100010010101101000100001000111
011011010001000110011110010100
110001111111001001100001100001
010110010101111000101111001100
010111000101100011100011111011
100100010001001100010110001111
100001000011000110011000001111
000010111100011101011101011010
000111110110001101000101111101
111011011110011100001110001110
000100110101001110101000011010
000001001011001001111111111101
101101110110100010001111001001
000001010111010010011010101100
000001000010111111010011001101
010100001110010010110101101001
110110010010000010101101010001
000101011110101110111010111101
101100101101001100100101100100
011011100010111010100001001100
110110100100000100110100111001
110100000100110000000111001011
