000101000000000111001000110000
001011011110000011111010011100
001101000110011111110010010001
110011011100001110000111001010
001100101100001000011110001011
000101101100100011000110101001
011010101011001100010011000011
010001100010101110111101111111
010011101000011011110100101111
010001111001100101001001010111
001011001000011010111111010000
010000011100111001111000001101
011001111011111010101011011001
011110101001000000011110000010
000011110111011001000010110011
011010111000010010010011011111
110110111000101010001010100011
100010001101111000111000010010
010111000000000011110010001011
011001010101010010101001000101
001100110111111000111101110110
101011011010001000110111000010
011011110000111000000111101100
100001011011011010101010001100
010111111101110111001100001101
100110111001001010000110011010
110011000110101010011010001111
111111010001111011010110101011
100100010110101001101001010010
100011010111111011010011110011
