010001000010000001101100010100
101110011011010110000001010011
001101110101100100111000000011
110100010100001001010100100000
010101101111101110010010111000
011110010001011000100001110001
001011100100011001011011101001
110111101110001000110111110111
110110011100110000010111110010
010111000100111001101100111011
010011010100110110110010101000
011111101100011001111001101110
100001101110001011111110000011
010101010011101101100100011111
111000111011100111000010010000
100001001011011101010001000011
101111011100001111101111011110
110110001111101010100111101001
001011111000011000001101000110
010101101100101000101011111011
101110111001101010000000011000
100110100110111011000110001111
001000011111001101000011000000
110010101010011111010110001010
111001111001111111010001101011
100101110010011000010100000011
001000100011010000101001010011
111111111001110100000110110000
010101011110100100100010110001
010100110010011001001011011000
