011010010101111110100110110011
001111000111001000111010000010
111011110101100100111111010101
011001101001001010101111101101
000011000011110010111011001110
010011110011110100110000010100
101111000101011110000000000010
011000010010001001110000111001
110100001111101110111011000010
010101101111111010001101011101
101111010100111100001001001010
101000111111100111010101001101
111000010101110101001010111101
011110100001001111011100110011
001110011001001110101000000000
101100000011001011011101110011
001001110111101010101101001010
001110111011010011010110101100
110001010011100001100101011011
001100101000101010100000000001
101110110100101010000010011110
111010100011010111100101001001
001100000001000011011000011000
010010111100000011001111010000
011110011000110011001001100001
111101011110110110101010011001
011111100001011000001100110111
100100010001111001100101000110
011100000001101011000001000111
110001011110000000010000010101
