101111111100111111110000010011
001101110101000011100010010110
000100010100011000100100000000
001111011100000100001100110011
000001000100000000011111010100
100000001100011100011101111010
111101111101001110000101100010
100111010001000110100000011111
111010010001110101100110111101
011001100001001001111001111100
000110111101001110111100010010
001011110110111011001110101010
101000010010001010011101101111
011011000101001010110101010011
001111000011001011110011001000
011001011111011001100011101011
010111101011001001000100110000
110000111110111101011110001011
000101000100001101110110111011
000011111101101010000000000101
100000011110100000110001111011
100001110110100001000110001111
111110101101001000100111001011
110000010101001011000011111010
100110011110001011001000010100
011001111001000100111010000010
100101001100101010111000010101
010111010011111001001010010111
011001000000111101111001011000
100101010101111100010010000010
