100011101100110111111111100110
001100101010110001100101001110
000001110001011101000111000111
101100110101011000010010000001
001000111100000111001010000100
001010010101100000111110001100
011001101001011011011000001001
100010010111101010110011101111
110100000011000010101110011100
011000011101010000011011011001
001011010100010110001011111010
000001111111010011111111110010
000011100100011101011011100010
101110110111010101000000101000
110001100101111010101100011101
110100111111011111101110011101
011110101001001010110100001010
010010111110000111110001111000
000110001110101011000100101101
011100100000001110010001100001
010100000111000011110100001010
001000100001111010011010001010
001100101000101111001000000111
001110101110001010111011001101
111001011101111111100111110001
010100011000000111010000000001
000101100001000110011100110010
111101101011010110110011101111
110000011110110110101011011111
111100111110000000010011011010
