100100001110000101110100101111
110011010101001011001010111111
101110010011101111100100100111
000100000000000100100111111111
101101110110001101010110000010
111011110011110010001000100011
101001011100010110011000010000
111110000001011111010111011010
000111000010111100111000110000
100110011100100001100001001110
010100001000110010111000000100
001111011011110101100101011110
101100000100001111110110100001
000000011000101111111011110101
101101001011110011110000101110
100011101111001101101011110101
100010111111111100100011010011
011001011101000011011010010010
100111001000010110000010100100
110101001001101100111001111000
110000011101101100100101010110
011101001000001110100111111111
101000110000011000000110101010
101011111000101011000101001111
000101011100101100001100001011
010101100110000001100110010100
000101101101111001000100110001
011001000001101101011000101111
101110111001010000000111000001
001011110111011111000001001111
