000010100001010001110010010100
101011100010001101001010010000
101011011001100101100101000001
100100111000010111100111011100
110100011111000011010110011110
110110000100010110100000101101
111000011100100101111101100111
001100001011001100111101101011
011111110010010110011100010001
000010001110000011101100000100
101111100011110110001000101101
001010000000010010110110000100
010101110110010010101110100101
000111100011101001000110010110
101000001101110110000010101010
001110001101100010111101000000
110111111111110110000010100101
011000001100011111001100111110
101101110111010111001010000110
101110010001010011000110110011
001000001101010111010011110101
000101110110000001110000100000
101110110110111011111110001000
010100000010000101010010011110
010010111010100011001010101010
001100010010000001011011101010
011011001110011000101000011110
110110010010101100111101111100
011100011110001110100011111010
010100101000011011011111100101
