111110000011110011011100111000
010010001010010100011110010111
110001110111101100111010100000
100110000100000101101110011011
010011110001011110010010011000
101001110001101100101100101111
100110111011100001010101011110
011111101000111000110100110100
100100100100110110010110010011
110111100000001010011001100001
001100110110010100111001010100
100110011101001001100110100011
111101101100001110100000010001
010110011010110101001111100101
011101101100011011111011111001
010111101010001010001100011001
001100001011111100111011000001
010001101000111101000101010011
011011011111100010110100100110
010101111010110000010000001001
010110001101010011001100011110
110010100010101110010011100111
110010100101010000000001100001
011101111110110010011001100111
110100001100100101001010010110
100010101001011111011101011101
111011100011011100011101110010
010001111100000010101001011001
010100100001101100110111110000
101001011101111011101011111111
