110110001001101011010101100111
001110010101101101001101100011
100000110000010011100000110101
000001010001100101111001101111
011111111111000000010110011000
010011010111100110011000100101
111010010001011100100000010000
001011000011000100000101001001
011011010000110101011001011110
001101001001000110111001011001
011011101111010111100100010001
001001010000000001101011001000
110101101101101010001101000011
000110111001011000101111000001
011001111011110011000000001110
110111001100011011110010111000
000010100010010111100010101100
101110110101110001010000100100
000011001111101101001101110001
000101011111110000001110101111
001011001001111000001000101001
100011100101101101010001101101
110011001100000101010110011111
011111110000101110101110001110
010000110111101001011000100111
100110010000110111100100110111
100101001010010000101101011111
000111011101101101110100111000
000101000010100100010101111111
101100010001000000111010101100
