110011111111100001101000101011
011011010010101100101110001011
101110110001011110010100010100
001010010010011110011111001011
010001110001000111110001100111
000010000100000101011110110010
111000101111110110011010000111
100101100101001001010000000111
010000010010111000111001100111
101100000000101001000101110100
111100111000111010101100110100
001110101111100110101101000111
101010001010101111100011001001
101100100101000001000011111001
111011100011101010001110011101
000111101110011100111001011011
101000110010100010110111111000
101001100011101110101101100010
000101101111111001011101011110
011001010011000000100011100001
001011000111100011000001110111
001100001000001101111100011010
110001000101111000010111110101
000000110000001110011101000011
000101011101111010110101011001
001100010000011111111000111101
101110110101000011101011000000
101110111111001001101010001010
000100110100110011101000001010
100110010011011001010101001010
