111000101000111111101010101110
100001101101101001010010101100
000100000011101110000101011101
001001010111011011001111010111
011011011000001100001011101100
100110001101100101000101100000
101111000110110011110011100001
100111110111010010110010101000
000111010111111100010110110010
010110100011000110101010110000
000100010110010110010000110000
110010110010011111001001110010
110111101001010100101011011010
111111111010010100010001111011
000010011011010110101111010001
100100011111011100111000100101
000000111110101011110000011010
011101001101010100111110000110
100101011010111000011100000011
011101001101001100101000111011
000010100001100100010111100110
110010100001110110110100011111
101001011111110111011100100110
100111100111111000100100111100
010110100011010110001101100001
111111011111010011001111100011
011101000000011110000000111100
101000000101000100001001000111
000111110100110110011110010010
101010110000100000001001110000
