100011011110111110100111111100
010111011001011000001100001001
000111100001101101011010111110
011010001101001011101110010100
000111011110010010100110010011
101000110000001111010101000010
001010111000111001010110010011
101000010010001000100111000010
010110001001100100010011101100
010000001111111110111000100100
011100001111001010110100100001
000111110100111011001111110110
110010001011000011001010011110
111010110001101000000000111100
010110011000101101100111000010
010010100010110011000111111110
110001101011111011101110010101
001011000110101000111001011010
010101110011010000011001100000
101111011100011101011010010011
010110011011000001001110111000
101110011111101100111011011001
100001010001000000001010011111
010011010111101011100101100100
110110001011011000010111010111
001011100011001001001010110110
110000100000001100100010111001
110101010110101110111110110111
011110000000000110111111010100
100101110000010001000101010110
