101000010011110110011101001110
000011101001001011101010100101
101100101000001001010110110111
101101010101000100011111100100
100101101110011111000001001001
011010001011010101001110101101
010011010111111011111110100110
001001000000101011110100111011
001101110010011010100000111011
101001111011010011110101101001
001000100111001001010000111101
011001001001000000111101001110
010010001011011110101011100010
000011011111001110110110010111
011101101110010110001011011100
010011000011110101001000011100
011010000000100101111101100001
010100101100011000110000010010
100111110111110001111011101000
101111100010110011011110010001
111100100010000100100010001011
110000000000111110010000010011
010100011000111000100011000011
111101110000100001011011010010
001110001111111010110100000000
000011110001100101011100010011
011101111000110100001011101011
110001100111101101011110000011
011001000010000001110111010011
000110100100000000011010100101
