011001011110011001010110011011
001100111111111111111010011000
101010000111011110101010111111
101111000100110100001100100100
011000100000110011111111110110
000011000101100111111101011111
000100111000001101011010111110
001111011011011001100100100101
111100111110111000010101011010
100100110011100111100101100001
101011110011110110100011011000
100101100101101111000101011110
001011011001001011111101010100
001100111001111111010111111000
010100100001100101100111001000
110101000000111111110011010011
011011010001110111101011011101
001110111111101110011110001001
100111111010101011000111110000
101101011100110010010010100000
011111011101110000101110111001
001011011011100101101000101111
101111001010101011100010111100
100011001101101111000111011100
010000001010011100011010101101
110110000100001100001100011101
111100011101100100001100111000
010111011100011110100001010000
011101110001101011001100010100
011111110111000111110001100110
