010011000010001101011110101101
101110101001001101100010101001
010001101100010011010001110100
010001011011010100010111001100
001010110001111110011000001111
010000010101110111110000001110
011000100011010110011111110010
010111001101100001100111011001
100100111010101000011110111001
100011001110001011001011100100
010111101010011100001110010101
101011000011110011011101001101
111100010101000101111111110000
010100100011110010010010111011
010010111110111000010100101011
001101101011001001101100010001
001011001101000110011110110000
011001011001000110101110001110
010101100001001100111100011110
100111010100111011010010010010
111000011110010010111001001011
011011010000110000101101101001
101001101110000010101100010011
010010100000110001100101011010
011000101010110010100000011001
111101000011010000111011010000
110101001001100001001101110010
110101010001010101011110000101
010011011111110001001100101100
110100010101000111111111000011
