110001000000000100011110111001
101000001101100000100100000110
010011110101011011010110100001
111011110101001011010100111100
011101010000100110010011111101
001110110001001101000110011010
000000100011010001010001001111
011101100101101010111010000010
010010001101000010101010001101
101101101010011101110110100101
110010101001001011100111000011
011101001001100111101010001000
000000011000100010001011111110
111010100000010010010011000011
111111111000011010111010111011
110110011011011011011110001010
000010001011101010101010111110
111110110010111110110110110101
101010000101110010111011100110
110001011101100000010100001111
011110100011010100001100111101
010101101000101000011000100001
010100010011011001101111010101
001101000110000111100010000111
001000010111010001001111010101
100001011101110101000110011110
101011000110000101100010000100
100001001011111101110000111000
111011011111011111101111000001
000010010110101011010111110000
