111000101000111000101110010111
100001111001111101000000110100
111110100110011001000000000000
111010100101110010111100001100
110001010100111101000101000110
010000110111000101010110000010
110111000100000110011111110111
110111001011000100100010100001
010010101000100101010111010110
001110001001010110010110000111
111000111110000111101100101001
101110110111010001001001000010
000001101001100111101010100011
011101100010000111011101100110
111101000101100110011010010101
001100101010000100101011000111
010111100010101011111001010001
001101110100100100110111110101
011010111000000100110010110100
011110001000001000111110000001
001100011011110000111001100111
111010101001010011101000011011
010010000101000111001000101100
001100101011101101001010111111
100111100100100100000000001001
001100100100000101101011100011
011000001101110101100110110010
100011000001010100010100101001
000100111100111001110100000010
000111100011010010100010100001
