011101100010100001001000011011
100000101011011000100100011100
001010000111010100011101001010
011100001010101001111111110000
101010101100000111100110111010
001111010110011111101101101000
000100010001100011110111001010
100000000010011110010110010100
100000010101101001100010011011
111001110100000101100011011111
000001011001010110000101110000
000100101000111110010110001110
011001101011111111010011010011
101101101101001110110101001111
111011011010001010110110101010
110001100011011100001001010101
100000000000001010000000110000
011101100001110010111100100011
100001110110011101111100110011
011101111110001111000100110011
000010000101100111100010010010
010001010011111001000101001011
100110011101110001001111110001
110100011011110101010111110101
110100111111111101100110111001
001111000111101001011100110110
011111011101111010001110101010
001111101010111100101100111101
100100101101111011100111010100
101111110111111000111110000101
