100011001101001110000110110000
010101100101010100010001100011
000000011101010100010010011010
000001110010111010001001111011
011100001110110111110010101011
100001111110001111011011111111
100000011001001000101001001010
100000001111011101100100100010
110101011100000111100100010111
100111010010011000110000110101
111100011000010011100000010010
010010001100000011111001011110
001111001101000110000001011001
111100111000000101000000100011
011100100001110000101000111011
001010110101010100101010101101
010100110100111111001110000101
010000111010011100011011011111
101101010111000111011110000010
011001110101110010011111101110
001001100000000000011100011011
000001011110000011100111010001
001000100111100011110100110011
101101101111010010100100101100
010011110000100100101001011101
011111000100100000110101000011
011110110101000011100000111001
111010001010000111011111000100
110000001001101011011010001101
111010100100011000001001001001
