101110110010000000111001111011
001100101001011100110100101111
010100101101111000001011011001
100101110010111011100110110011
111100011110000011011001110100
010111101101000010101010110010
010110011010010001110001111100
101000110010110010100010010010
000111000000100001101101010110
110100111000110010010000000000
000100000000111111100111000101
100100011011110110111011111100
001110110011110001000001010110
110001110001101100000100001100
001011110011000101101110011111
001000000010101111001010100111
111011011011010010101100000111
110110011101101100111110111011
111111011000111010010000010001
011001000101001011010110100100
101111101000100110000001101000
010000111000001001001100010110
001100100011110110011010010001
000101011010111110001111000001
111000010110011001111110101010
100100011000110000110011001001
101100111110000000011100000001
100110010010000001001111100010
110010011110101000111000100011
110011011000101010100100110100
