111000000101101011001011010110
100101100100101101000100111111
101100011101010010010100100011
101011011100110000111011011101
110100101101100100001100101110
000101010001000100101100000111
000011001101011101101101011011
000001110000001011011011100111
011010011010001100100110100111
111010010010001001111111000101
101100010110001100101100001111
010100001000111000000100000111
010000001010100111101011111011
000111100110101001011110110101
000010000110101111100111000100
000001001111110111000100000001
101111111111101111001010100011
010011010101111111110111000010
000110001100011011000110001011
011101010010101010100111011010
010000101010010111011110001110
111101111100001101001101101000
001000001110100101100001100001
101110110100110001100000000110
011111100000111111111100001001
100011000100000101111111011001
011101000111010100000110111011
000101101000000011111011011001
110100111111110010100101001111
011000010111101001011100100110
