010010011110000110101101100010
001001010011110110001111101101
110010100111001001110011011111
000010001010111000110011101011
111011101110010001101000011011
110001000111111011100010101110
101000111011111001010000000011
000010100010001100111111011010
010110011000011001010110010101
110010111101101111001110100100
101100101100111000000001101110
011000110110111001000010110100
000011110000000111000100001101
010001101101000110110110111101
001010011111101010010001111111
110011001100001000000011010010
101111110111101111001001010011
101110000100100110111100001000
001100101110011111100110001001
101110010110111010011100010011
010010001010000010000011111000
110101100011111011001101101111
100111100010011011011101101011
010011000010011010101010101111
101010011000001001110011100011
100110010001100011011000110111
001010110100100110010111001011
011111101010001101000010010100
001100001100010110010100100110
100010000111011001111110011111
