111011011110101101110000100110
011101010000100110111001101110
010001110111001001001000111011
110100000000000111011100100110
010010010010001010111011000011
100010010100111111001000110001
000000110101011100100001010110
101111011001010010001111111001
110110011001010100010011011000
010000000100101100110111001101
111100100100110111010000010010
011010011001001000101001011111
110100001010011000010110101101
011000111101011010011100000110
010101101110100010100000100111
101100011010111101000000001000
011000100001000100000010101110
010100110011011011000000010100
010101001100111011010011100001
111111011100011100111011110010
011110001000110101000011111101
000000101001111000111111011100
111001011010000110000111000101
100111010010110000111100001101
110010110111110001011001000111
100011111010000011111110111000
111010011010110010000011001001
111111101111010110000000001000
110111111000010111101010101000
111011000000001011010001000010
