010100010001111111000100001000
001111010110001100101000111101
001111100000001011100100010100
000011101011010000111000011000
110101001111111001011100101111
101100110101110111111110101011
110011111111101111110101111000
100111001101010110101110010110
101011100011100011111001010010
000011001111000111001111111001
011010000001001011011111000101
001001001110010110000100111101
001111101001110011111011101010
010011111010111111111011010001
001101000010010001101011111011
110001111111000100100001000001
111010110111011111011010010110
110110001101011010000111000001
010001011100010111100001100111
011100100111100011101101010001
100011011001000000111110110111
001001101011011010011100010001
111101110010000100001100110000
101011011001111000001101110001
110101111001101001100001011111
011111000011100011000101110100
010111110101100101001101110001
011111100101001001000000001000
111101101010101011111110000110
011010001010001100010101110101
