101000011001010001111010101010
111101000111010111100010000000
101101000111011111011100111110
000101000000111000110001101101
100011100010101000011101110000
001110011100010111110111000101
110111111000111011111011110101
111000100111010101011100101110
101000111010010111101001010001
101010011000111101001011111110
101001000111011001110010101000
001101101000001111101000010111
111101100111000011010100110000
101001110001100000100100010101
011100000110000011111110011111
010101110000100100000011101100
100101000111000011011010011011
111011011100010001110100010001
110101011101110111010001110001
100110110100001010011101000110
100110000101101011100010010000
010000011011010010000000101011
011111001010110000110100001001
010000100110100001010001110000
101101110101011101100100111100
011011000100111000001011100010
100101001010101111101101101011
111000010101001011001001110110
100011011111101010100001101111
100010010000111000010101011010
