100101000001001010111101000111
111101101101111111000100110000
101111010100110000111011111011
011110000000001000110010000001
100011100001110010001000011101
010100100100100110100011100100
111110110011110111001100110010
011001101011011011000011000001
100110010001101101110101110111
011111000100010101111001111111
100111000001101111010011011001
010010110100111101101110001101
111111001110011001111000000100
010010100011101111110010011001
110110001000000111100100100110
110010011101010111101000100010
100000011110111110110001010000
111010110010010011110100111011
001001001100001101100011010000
100111001001111111100111110110
111101100001011011011010110010
101110000011001100100000001110
100000100010011100001110101101
011101011001011101010001000100
110011101000011001101101110110
011110101101110000111001101001
001000110011011101011000001110
100000000011100100000110001111
100100110100000001001100011111
011001101001010101001010011011
