110101000110110011111001111010
111100101010100001010101000010
000011100100000000110001011000
011110000111110111111101101001
100100000000000100101110111011
110000110110011101111100100110
100001010011011000111110011111
100110101110111000000110100111
011000110111011010000111000110
001001010110110011000000011101
010111111001100111010000000000
001110111010110011101000111100
111001110100011001101111000101
111110100001001000100011111010
100100000010101011001000001000
011000110110010001000000010010
001100100000001011110010000001
101001010100010001011110001010
000111000000010111011100000011
001101110101110011101110011101
000100000101100111110000001110
000010000010111001100011001011
111101110010111011110000011100
000010000110110101100001000110
001111000001001000101111100000
110000101001100100100000000010
001101111001010001001111100101
111000101011110110000110000010
110101001010111110011000010100
111100000111110010101111100110
