100000011010011110011001001001
110110011010011111101011001110
000101010100110000101111111110
010110100110101001100011001100
011011110000100100101000000000
010010111111000001011100111000
100010001001101111000101011101
110010000101000001101101001000
100110111111001000100111101010
110010110111001100101110111001
111010000101011000110100001001
010110111100100000111110101011
001100011101011101011100011111
101110101111111101110001110000
000001100010010011111101001111
111000011001100111010000010000
010110011111110101101101101000
100110000011100111101010001001
100011100011000110001110110010
001001010000000010111100010111
011100101111110000101000101010
011101001110010110011101001111
010001111011011111111000001000
001000110101111000001110000001
100011110101011000110000111010
110111110110111110100010111101
110011101110001110000011111011
010111001111000001100001110001
010010001110010010001110011110
001001010000010101100011001000
