101101001100000011111001111000
111000001001001000001101111010
010010011101010111000111100100
000111001100111110100110111010
110110110111001100110000110101
101010111010111111000101000101
101100100010001100011001101110
001000100001000011100111110001
110001100111010111011010110011
001101000010100011001110100100
010000001111001101000000100111
111010001011111111001111010101
000100011101001000011000010001
111110010000011101000010110011
111000110111000101010111110100
111110111101110110001111110101
110000110011011001010011010000
011101100100011101110011110010
011011111101001011110011001100
011111000011111010010101111111
111010010111101111110001111001
101101001011010001000110010001
011001011001100100101011000001
110000110110100111011110111000
110100011000111010001010011010
001101001011010000000100001111
100011011011000111010010011011
001100110110000111011110100011
000100000101110110001111111110
001111101101110011111100010001
