010000010100100000011001011111
001011100100011001111111111000
111110001010101111010100110000
110011110111111100100100001100
000010111100001000100101001000
000101110111011010101000001101
110100000011100001010100010110
000010010100111110011000111010
111001011011100011100011100011
101011001011001110101111011010
110010001101001010110110000110
010100100111111101110110101100
011101111100100000110101000111
001010010001100011001000001100
110011111010011001100110100110
011011101001011110110011011010
000011110000011111100011111010
001010011100010101000000110100
011010000111001101101010001010
111001000110111010101000010111
000010000011000111011110111010
101100100100010101101100010001
011110011001111001001111101110
111110010001001100010101000011
100101011110111101111001111100
110001101000000000001001000111
000100110110110010011100001011
001011111011100011010011101001
101101111110111111010100110000
000011100111010011001100011011
