110010011000000011000011000111
000101110101011100011100010111
000100000010011001100000110000
101101001000111110101110111011
100100110010111110000000100110
001000011010000100000111011101
011110110110000000111111110100
000100101001010101110101010100
111101110101111010110001110001
000000100101000001011000111010
110101101010111110010100000011
000000100111011110001010010000
100111001011111001110100110100
010101001011000010110010001111
011001100000011010001111111000
111011100010001010001100000011
010010111110010101111111111100
011100100011110100011011010100
000111110001000001011101001011
101001011001100000111110000110
001001001110101101000100010001
101001001111010100101111110001
010010100100011011000011000101
000101101100101011100100110011
101100000001001011001110111000
001110000110011110111110110110
110100101111010111000011010100
010010010001101101100001000101
100011011010101010000011101001
011011011110100101001011101110
