011100110001001001110000111011
000101101011010001100010111001
100011010101010011101101001000
100100101101100010110100111011
110001001010101101001111000110
011011101010100001101110110011
100001001101111111111000101000
011111011111111100001101011001
111110110010011011011101101010
011000010010010001011110011111
000101000110010001011101111100
000001110010010100111100010101
101001000011101010110001001101
000110001110110101110010100011
110001000110011101000100111011
111101110110011011000110000101
101101000110000001000110101010
110111000011101100101101101000
000001101101000010000010101000
100001011011110000001110000111
010010111100011001000110111011
001101111100001111100001101101
011100110000010010100111100100
010000110100001101010111110100
100110110000010000000110010011
011101011110010000110111111010
000101101100010110100101000011
110100111001010001110100101010
101110110100100111001101011110
001101011001110100101111010101
