101010100001110001000000101011
001010111011000000010110101000
000111000111110111011101001001
001111001011100110010001001100
101001111010111100011001011100
010110001100000000000011001010
000100100111010101111001111111
101100001100011111000010110100
100001001101101100011000110000
000010100100100001010000101111
000110010000010100100100011101
111000100011001111001001001010
110011100110010000000100011111
010010110101110101100110100100
100100010000000001110101111101
110001100110010101110111001011
110101010100101101100000000111
011101001100111110010010001001
101101011000101010100101100010
111100011010001111011100011001
101101011011110001011001010011
001000110100100110100001111111
000011111010111010110010011111
010110011110000111110010110101
100110011011010100001110101110
001110111011000001100110000111
110001101101010010000000000100
100010110000101011110001100111
111001000001110010011111101010
101011110110101110101100001011
