110101100110001110111001011011
001001110101110011111011001110
110011100111010101011001010101
101010111110101101110111111001
001010001000001100010111110100
001101111011111111100000000110
110010111110101100100010010110
001000100010011000010011001100
000010110000000111000101011000
111000101001011001000111111011
000110000001011001101010011110
011001010011001010010010101001
110101000111000101011001101110
010110100001101101011100110001
001110011010111001000101010001
010101001011111101001110101100
110101101000011111100000100101
001010001011010101100001100001
000111000111011000000100100111
001100000000101011111101000001
010001011010011010101000110110
010111101101010111111110100010
010001000011001011011001100010
101110100010111011011000011010
110001001110011100111010001010
110000100110010011010010011111
101111101100100010101011010110
000110100001111111010001011110
001010100000000111001000100000
001111110011100001000010010001
