001001000100010011000010011000
000100010011101101010100000111
001111001110001001101100001100
100010111011101000110100111101
110101010001001101111001000101
000100100101001111111110011111
011001011101110010111000111000
000001001000011111100101100010
101001111101110011000011001100
000001000011111100100101111101
011110000011110001011100100111
100111001111011011101010111001
110000111100001101101100100100
100101110100010101110101101111
100101100100110111011110011101
010011100010100000100011011110
110100111000011100011011111110
101010011000100000010011011110
010100110100001010111111010111
111000011001100100111101110111
000110001000100101001010101011
110010110110101100001100010110
010010100001101011011100001001
101100101010110101110110001011
011101101001111100011000011110
101001011100001010101001101111
111101000101010111010111111100
011111001011111100001101011011
011000111010111101111010111011
100100011011000101010100011011
