000111111100001011100001001101
101111011111110101011010101001
001111111001111101000001001110
000100010010011001001011011111
011111010011111100010010111110
100111101111101010100101111110
011010110010001001110111100100
111010001000001011001100001111
011010111101011011101000001001
100000010000110001011100001111
010100100101010101000100011011
111011111011100110100100100100
100110101110100010011110001011
100000100010111000011010001101
001111100000111010000100001100
001111101000001111011001001000
101101101101011100001101101110
110101000101101111110001101011
010110101000011000100101111011
111010001001111001110111000010
100101000101001101011111011010
100101101101000010101010000000
111001011001011110111001011101
100101011010011110001100001000
101011010110001111011111100000
011010010110110000101011110001
101110010000110111001000110100
110111101110101100010100101110
001101110000000011010011000101
111110001100111001110111100100
