011110110011011110111000110001
111011100000011110010001101100
000101100010011101101110010101
010000010101010011011101101000
111111010101000010000001010101
011000110110000000110111100100
110100001010111011010100000110
011010111111110000101100110000
011101100110101100011101110100
100010101001111000110000111011
010001110001001001001110110111
011000001100010011101100110100
011011001110011111001010010100
110011011001111111110011011101
111101110111100101000110011000
010101101010111010011001011001
101101110110101101111010000011
100011011000000011000001001011
011011001111010001000001001100
000100110101100110110010000001
001011110001111000101010100000
110010110101101001100000110011
101101110000001100001010001001
000100001011111100100100011110
001001001011111111011110001011
000000101111100010000101101000
110110011010001110110110011111
000100000011110001011010011111
111100001011010111001010001010
111101111010011110011101111100
