111111100011110011101000011011
111100111100100010001001010101
011010110011101111111000100011
100010101010110010010111010000
001101100000110101001000000010
100101110000110000101010101111
000011001100011010000101110110
010100011111011001000000001100
000000111100000101100101000111
010000001110110111111000000100
111011010110000100010010101001
101101010010110010000010000001
101100101011011111010010010000
011010010011100010001001110000
101111011010101001110010100110
110011111001001011110001000011
101101011001011011110000101110
100001000101011111100110111010
110011001001011110000010110110
011000001101110001110001010100
111000111011111110011101110001
001100010111110000101010010110
100010011111100000001100110000
110010100011001101000010001100
010001111000001110110110111001
001111011000110001001101111001
100101110001101111110111101010
001001101100111000110011100100
110001001111101110011010000100
001010001001111101000000110001
