011000000100110101110100110010
101101100000101111111101100111
101101011110111110111110111101
010010100101111100110000110000
001110110101100111100001101011
010100011011100010001110101011
111001111011110010111000111111
100010010000011001111011111100
001011001001000101001111100100
000100110100100001110101100101
100111100100010000111100011000
000100100000000100001100001010
010011100100011001000011101110
010100000000001011001011100011
010111001101110010010011011111
111000011010010010110100010111
011011100000110010101011010010
101001100011010111011110001101
100101011111111010010111001010
001010100001100001000001111100
001111100110011001111110001111
111011110011011011001101001100
011000110111000111010111011100
001011001000010011010011100011
101111000011000101110010100111
011011111101111001010001111110
111001101110010110110111000101
111100001010101010101101100000
111101010001000010011101110010
010010000001101110000000010000
