100100011000010000110010010001
011111101100001100100000000111
010111011110010100110110000110
110111110111001001001110101001
001011011111001001110100101000
000011110000010001100010111001
001000001101100001010000110100
011010011100011100001111110100
011100000111010100111010100110
100010001001010101000101001011
001100110110010001110101111101
001001001101000111011010000001
110101000110110011010111111011
111010100001010010111001010111
100001100101110000010100011000
111000001100000000010101100010
000011010001110011101001111001
001101111111101010000100000010
100001101010100100011011011001
011001101000001001000001111100
111011010110011101101111110011
101111001000001100011100000101
111111110100110011100110110100
000000001011001001111010001010
111011111010111101110001110010
010110110111010101101010110001
000000000010100100111110010001
100111001001000011000010000011
110001111110011011100001110000
000100110111001100001010001011
