110010111111001111010110101000
011001001101111101000100011001
010000000100110010011000111100
110100010000110110001111111101
110100101111011111010001101000
111010111111010111000010000011
001010101100100100001100101100
011011010001101011010010010101
000010101011101001110010100111
111101000110111001000101100010
111100000111110110001000011011
111000100101011101110111100101
000000001100100100101111111101
111010001111001001000010100000
000110011111011011010110011001
000011010110001111111100101111
100001101111000001001101101101
011100111001001010100100110010
000111100101101101100011001011
000100010101001010001000101010
001001100010011010011100111100
011100111101111011110100101110
001111000111010001000001000111
000010001001011110000010101010
110111010011101111001001011111
101010001000001100011010001010
011110010001101110101111110011
011111011110000010110101001001
010111001010001011100101101101
011111101111100010111011110100
