001010110110000111000110001101
100100110101001111001000001110
001010011111011101011000101111
100101111111111111100111011001
001101001011101011001011000000
100001010101000010111111000111
110111001111110010111000100111
001110111100110010001010111111
010100000100001110011010100110
000011100110110100110101010011
111000100101111000000110101110
100000111110111011001100100010
001001100100010011010101000100
001110010011100000000100001000
111100010110110101011111111011
001101000111110101011111000000
000101111110010101111110101011
010000001110001000001010101111
100010000100001011000011011110
000101111101001100010101011110
111101110111100001001000110000
101100110001001111010100000110
101100101101001011000000100000
110101100110010011110001100111
111111011001110111010001001000
011110011101000010101000000011
100011100001110111010011000100
001111110000110010000001110011
010100111011110000110110000011
001110010111101011111101111100
