001101001100100011111011100011
011100001000110100100110001101
001111100001011110110110100001
111010100010010101110110001001
111000101101001110110001001001
100000011101001111111001101111
111001111001110110111100111101
111110010100100011011101011101
101100010000111111010010100100
110010001110010010111011101011
111010101011001001101110111111
010111110111101100101111000111
001000110111111101011011110100
110100101010010000011100001100
101010100001010010100000001001
101111100011101000111010011110
111101101100000001110011001001
101000110010001100101000101010
111010000110110100100100110001
000101100100010110010100100011
110100110110111101011001100011
100101001001011101000110110010
110111100000100100000000111001
010110001001001011111001100001
010001010111110111011010110010
011100111110010101011000000111
100101011001100001011111111100
101100110111101110100011111111
110111110100101101000000111100
000111010000110111101100011011
