110101110101101011001001001110
111100011001011100011111100001
111110101001001010110100001011
011101100111101010000111011000
001101001111010100001110010000
011010111011100001000011011001
110010000110100111000010100001
100000001111001101110100011111
011000001111110110100110001101
001101110101101100011011000000
111111111001000011011000110001
011000111001010011111110100001
101001011001100101000001010101
101110111011101001110011000110
100000010110001011011001101111
000000101110011100011111000010
010011110011001110010100001100
111000010100100011001110011001
000010100110000100011101110100
111110000000100110100000101111
101110011001111000101011010101
111000110011000011001101100011
111011001110110000110010000111
111011101111011100001101000111
001110110100010001011010111001
111111100110000111010111001001
011001101011000010110001010001
000101101100010011110001111111
011111101011010111001110011101
111100111101010100001001000010
