011000010100010000010110000001
011111011101000010111110110111
001010001000101101100100110111
001100110100001101000110110110
111001101100001000101011111011
010111010000001111101001101111
100100011111100111010100010110
101011111110111101111101110010
100101000111110100010110011111
111010010101001110111000001101
110010011110001100001000010101
101000101101110110011010111011
000110101110110110111000001000
000111100110111001101011111110
100100000001011101101101000110
101010101110000000101111011101
110110010111010001110101001001
011111010000101001111100111110
111000000010010011101010000000
010000100100000010100011001110
101001010010011101111101000100
100001100000111111010111000001
100010000110100100111101010000
100101101100101100101100110110
011001110111010010111111111101
100111110011000001110101010001
000000110110100001111010000000
001011010110010001111000000101
101110011010100000101001101111
100100110110100110100111101010
