100101111111111000100011011000
011001000011010000001111000100
010100100100000101110111111011
101000101100001111010001000011
001100001111110010010110010111
100111001011010111000011010010
100010000101100011111111100101
011111000111101010001011100110
011101101101000101110010000100
000010110100110110100000101000
100000011011001110010110011001
100000011011010010010101101000
000010111011100110100110001101
111000010101110001100001100011
011000110000111000111001010101
010111001001010000000110100010
101011111000111110010010110000
100101000101001011110010110101
010001110110000010111110011010
111000110011111000011101001011
100111000010001011110101000000
101111101011100011110100011110
101011111000001110000101011111
110001011100110010011010000010
101100011111010000100101000111
110111101011001001000011010110
010001110011100011101010100100
110000100100100010001001001000
011011010111001111110101011010
111001001110100001011011110010
