111100010011010101101101001000
000001101001110110100001110111
101001111111011001000000010011
001110111011001101111000101000
100000000010010101111001101010
101101011111011101010101101010
101101011011100000001011100001
011111101010111111010100111010
110000011111111101110000101111
010100100001000101110111011010
111001110000111000111000110000
101010111111011111111101101001
100100100001001110111010100100
100111100010010110110100101001
001000001110111110010010101010
001111101100011101111010001110
000000110000101010110000110101
111011000010110101110000000111
010011010000101100010111011011
100101100010100001111101011001
011000110011101000010101001110
100100001010100011101000011000
001000010111011110000100110110
100001101000000011111100010000
111011010000010100110010110010
100111101110011011011000000011
011000000011100010000100010010
010100010101001100011000100110
010110011111011001001000011010
001100110100111000001010001001
