111010010100001111000111000100
111000001100100110110000100010
101000001001101000011011001101
011100010110010011001110111000
101000010010001001101100001010
011011011010101110001000001001
010001011111100111100011011111
110011110011100111110100101001
001001010010010110110100011010
010111110101110110011110001101
011011111101111110010111110110
101011100110101101111110001000
011100101101101001100111101011
111001001000010000110000110111
101000111000000100000010100110
011111111011110101101110000001
100000100110101010101011010110
110100110110100000111101010111
011101011101000111001100110110
001111101011101101101001101010
101000110011011000010100111100
111101101000110110010111010000
001111000101000001010001001110
001110010101111010100111110100
100010000110101010101010001011
110000100101000111100111001010
111010010111100101010101111100
111000011011000011100011001101
000000101001000010110110111010
100110010000010011010110001010
