001001001010111100010101100101
110110110010000000010000100110
100111110011000101101100011001
011101011100010000101000111110
010101000111101101010111111010
111011101001100101001011010000
101100111100101100100111000000
000110000011100111111000010011
101100000011011000101001000010
110000101100011010110011000111
000110001011100100011001011011
100101100111110001001011000000
111000111101010001000010000010
111011000000100010100111001100
011000001011110001110010111000
100010101101110011011001111111
011101001111010000100101011111
100011101000111110110001000010
100011000111101011001011011001
111111011100011100001011001111
100101100100010110100111110010
110011110000100111010111111000
111011101111001100111101100100
110011011010001101000010100010
011111011110001011010110011000
000011011000000000101001011000
110011001100101111000111111111
100101101110110100101101101000
111100101010100101101000001010
011000010011100101000100010011
