100101011011101001111110101101
100011100110011010100001110101
110100011011010111100100111111
001101100001010001110101010010
110111110001110101110111110000
101011110010011100110100001001
110111010000001000010001001111
010011110111000010010100111110
110110011101110010001010110010
001001101011000000011011100010
010111000100101000010001110101
100101000100000100111111011000
111101101100000011110011111000
101000101111000110100101001101
010111000001001001001010010111
100111001111101011110110010100
101001101011100001001111011110
100111100111000111111000000010
100101101001001100100011110101
110100111101010011010000011111
111100100111001000000101111010
010101010111000010100111111001
100010110011110111011100110010
100100011000111000110100111111
101011001001110111100101000110
100001011010111100111100110001
011111001100011111100011011011
100110000110111111011101110010
111110001100011110000111011010
000111011001111010000101111011
