001100000110101010111111111100
111110000011101100000010111101
101010000100010010000111000001
111000111001001101011010100011
011110011001101010101110110101
000011111101000010010111110001
011001010000100101001001010001
011000001110000110000000011011
111000010111100011010111110000
111100010011110001011100100110
101011111000010101000110101001
010110000000110010101110101011
100010000011010100011001010010
100110011110011010000001101011
101111110001001011100101110101
000011111110111011001010111000
000100010110111001000000010011
010000001111011010001111000101
111010000100111100010101100001
100000011001010010101011110010
111011000100111011000000000111
001000111000011101011101010011
100111010110100110110101111110
001000010000111001001111001011
100100101110010101111000000001
101000000110001101111011101010
010000010011010010111110000001
110010100100010111111000101110
011111010000110111011010001111
101111100100111110101010111110
