010000010011111011101101110000
111111100001011010111000011011
001100100100011100111101010100
010101011101110100010010011110
000111011100011011110011110100
011001111111010011100110111001
101110100111101000110000001010
000101100010011011010111101000
110000111111011101110101110110
111111110110111010110001001010
111111010010000010110000110010
100001010000101111111000010001
101100001001111111011100010101
100110011000011111110111011101
011011101010101010011110010110
111110100001111001110101111100
010010110100001100100011000000
111001001111101100000100010100
001110101101100001100010100101
011111010100100011100011010010
011111111111010000111010110011
011001001001100011110000010100
001001101110001110001101111101
100011111101010011001011010110
001000011100010110111101100000
000011001001000011100011011100
100001111100110010111000111001
010100111011110001111010111110
111111101001001001111111100101
010010001000110001110011000101
