101010110101000010111001001100
000100001010111001011000111100
001100111000000110011100111100
010001010001001101101000111000
011011100111010001111011110000
010100111110110101100000110100
110111001110001010010000010010
010010100111001011111110000000
010100100000100001110100000010
001001001010110000101100101100
010000010011001111110011000011
100001000001001001011011110010
100000101101011110111110100010
111011110111011000111100101110
011001100001000001111101110000
110010001101101000010010011110
010000101010111000000010111100
110101100001110001000000100100
010001111111011010101001000100
110110110101111010101111000001
110000100001010000101010011100
010011001111000011010011011111
110001111101101010100111111100
110111001011010001011111101000
000011010100010111100111001001
000011001101111001001110001100
010110111101001111010010100011
101100101110000000100001010100
000101100111000011100111000101
001101101110110001100100000001
