000001000000110100011100110100
000000110011111011110111100001
110111011100011000001101101100
101010110110110011100010001101
001100001111011011011001100000
001110110101110110010111010100
100011100000111110101100101111
001111110101101111101011001101
000010001101010110100000011010
111000010011000011111110100001
010101110001111000100101010000
100110111110110101100011010000
010000110111110010001101010101
101100010001001101110000110001
001001110000011111110000100011
101111101101011100100011111000
011110000101101011110011100010
110011011001101101000011100000
100110100100110010011100001100
010010011110010011010101100100
111001110101011011100010110000
010011000110110111010110011110
101000110110010001010000001100
111111101011101111011111100010
111001010011101001101111010001
110100001111111010001011100000
010000101111011110100110111111
001001100100111001111000011101
100000101010000100011011101010
001000111110001111000111011100
