011011100101110001111010001011
101010100010011111000001100011
010111000110101000011011101000
000111001010010010100010111110
101101010100111000111010111111
111101100000000110101010000100
001100110010111001101001100110
000111100001110110011110001101
000011101010000111101100110001
110011110111000110001100011000
011101000111011011010101001010
100110101110000101000101100011
001111101010101101001001000101
101001001001101000011100010110
111110111101100001101001111000
000000111001011000000000010111
110001000001100110011001011011
110000101011001111110000000100
100011001111000000100111101000
111011000101000010001011110010
110001110101011110101101100011
010011111100100111001100000011
010110110111011001011000100001
011001111001101000110011000101
110110110000011010101110001100
111110110001101111011011001101
110101001101101011110001101111
110101100111111011110101001011
100100010111011111110111010010
110001010110001100101010110100
