100100100010111011101101000000
111001010010001011111100110011
110101111111010111010000001110
001100110100010011110011001111
111110011110100100001010110110
110111010100110110111001110001
110000010000100011001010000010
111101011100000110100000001000
101100001111101100101001010001
111001110000100111011111001011
100110101001011110101011001101
111101001100001111111101101010
101101101000100111100100101111
001010000101001110101011000101
000001011000011101100000010100
100000110010000100011110101000
001100110110111010000000101001
110000001000110110011000110101
001000001111110001001110001011
011010000101100101010011010010
000110010111111011110110110100
101011011111100000011101001110
110110001111000101100000110010
101101000110010101001111000100
110101000100111000100111000011
010100100011100000110110000010
110011111101100000010011011001
110000001100000011010110111010
101100111001110100100000001110
010111011100110000110000011001
