001111100000010101000100010000
101001010101101001111111110100
110100001101110101111000011010
110001000010010101101000001011
110110010011110011011100000101
101011100001100110100000101110
111111110100111011111100110010
100110101010100110101000001001
110111100011010011100000111110
100111001101011010001000111010
001111000000110110010011110000
010000001101110100100001001100
001001000110110111000111011011
101100100100101100111011111010
000000001100001101101011011111
001111010110110001111000111111
011110111001111100100110001001
110101001111110111100111011111
101001011000010001001100111000
011110011010110100100100011110
111010000000011101110010110111
000010111101111010110001110000
010101011010101100100110101000
000101111101111101011111001111
100000101010110110001101001110
110110100100001010100101111100
010101001111111001101100000111
100101000010100011101110001001
010011000011100001110111101000
001001000100001010100110010100
