011110110110000011001100100001
110001101101101000110111101001
001001000001101111001100001010
110011110000000000110000110001
001001111001010110101111101010
111011110101111110101111010111
010100101000111011000110100011
000001100001011101110001010100
111011110001011000101101101110
101011011011101010111011011000
100000110111111100011011010100
010110100011100100011101101010
010101000010111001100011111111
101101011111111000101011110010
110001011101011110000110011001
000011011011000011100100010010
111010111111010011001011011001
010000111110111011000011011001
000010101001111101100111111111
100110110001101100110001111010
010101011011100001111110001101
011011000100000111000001000111
011100100001001100111010001110
101110001001100010100000111010
110001001110011011101111100011
011101110111111000011101110000
000101110000101000100110111000
001101110001010101100101110001
110100110101110110011110000100
111011001111011110001101110111
