111001110010011000001000010100
001000010101001111011101101001
011111111101011100110011100100
010110010100000000011011010010
111000000110011110110110000011
101001111001011110001111010001
001100101100011011001101000001
000011000111101000110100110001
110000010101010111010010010001
110001111010000000000101010010
101111011010101000100010001100
010111111011001000011110010011
110010011010110010001000011110
110110010110001011001101011111
100000001101100111010011111100
110100011100000010100101011111
001000100001111101011001110001
010010011010001110010010111111
001011000010100111001100011000
101011000010000001000001101101
100001110011001100000100011110
001011101011110110100111001100
010010110101100010110011010010
001100000101110011010011000000
101111001011101110000000111001
010110111110000101010010101000
101101111010111001001001111110
100100011011110011101111010110
000010110001101011011000111001
110101000101100010111100111111
