011010100000011001100110000000
011111001111101101011101101010
111000000010001101011011100110
000101010110000101111100001000
111000101000110000110111000101
101111110100010010111001111001
111101000111011001110010001101
100001110001010111011011011011
000001001111011001001110111100
101101010110010011111011000011
101011101001100100101011001010
010010100100101010001110010100
110101111101000101100111011001
011010100000000110101010101100
110110101100000000000100100000
011110010000000001011101000010
101100110110000100001111000100
011111011101111011111011101111
011000001000000101111001110101
010101100010100001111100001110
100000110011001000011011000100
101001101101110100000110100110
100010110001011000010010010010
011001001010111010111111111000
111001000011001010111010010111
101010000010010111001001011011
010111100101000100101011001100
011111001100100111101100110111
100001101111000100101011100100
001101101001110010000110110100
