110101101110100000100000000101
100111000011100000000111111010
000011011010101010011010011010
010001100111000010011010111100
100111100001011000111000100010
100001100100110110011101101000
110011100100010100000001111100
001011001110100000011010010111
001111101110101110100101010011
001101100000110010110000010000
001110101110111100011101111000
011010101111000010000000011010
011011100000100111011011010111
110011001010010010110011111000
101010111101110000111001100000
011001101001000000010011111110
100000010001101011010101001000
000110111101110110011000011000
011111010000000010111001001110
110000111000101001000110001110
001010100100001010001001110100
111001000010011010101010110100
001100011000000100110111111111
001000011000111110001000011110
010011000001010010001111111100
000000010010101001000100110101
000010011000101100110111100000
110101011010101100010011010101
011011101110100001100101010111
001110101011111111110110101100
