000001010100101011111110111011
001101001011111001100111111011
111001001010111100010011111110
000010001111011110001110000101
001001011100001111001110110001
010111101011100011010110110001
011000010001100001100001110001
011110111111000010101111110111
100000011001011110000001010010
101100000101011110110111110110
010011011110100001101010111000
101100011101111111100100110001
001101000101000001101101010110
111100101001010110011100101000
101101110100010100100100110101
100110101111111000101011000000
000010100111011101000000111001
001100111101000000011110101001
101000101010000001101000100011
001110000111111001110011111010
101101001110110101111010011011
011000011111011001010001001010
010101111100110110010100011011
000010111011110000100101010101
011011110010011110011000100001
000110000111011110110010100000
010010010010010110010101011110
011001100110010101001000101000
011111110101111101101111110101
000111010011000010010011011111
