001000110010110110110000001101
101001110010110101000000100010
001111010000101001100010111000
010101000101001001100110000111
000100011000011011111001001011
111101000010110100101010000000
000111001100010001010100110111
101001001000110100101100110000
001111010101010101000000111100
010000100000000101001010111100
111000101010011000011010111100
000100000011010000110111001101
011111000110110100011011110100
101100101000000101110000111011
110010001100000000011101101111
111101010100100100101011000000
101101001001110100101100011001
110001110010111000110111110111
100011000111011101001011010101
011000011110000010110011000011
010110100100001011111001101111
111001000111001100010100101010
100100100111110000000000100000
001011110101011111011000001000
010111111100101100101010000011
101101110110001100110110001000
010001111100000100010000010010
110101100111110110001011011000
001000000000010000001000000011
110111100010100001001000010110
