001000111101010101010011001100
001101100100110111000111100111
100100100111011111000010011010
001001101111111011011101100101
100101011011010111011010111001
011101011000000110011000110111
100100111111000111010110100000
100010110100110101101001101111
101010011111101000001100011001
001101001101010111111100111000
110011000100000000011100010011
100011010101101010011011101111
100000010101111110001000001111
100101110111010110011010111100
100110110101101100011111011000
011111011001001100100011000111
110110001110000101110001011101
100001011010100111110010000001
010101001111111111100000101101
111011000101110001101010011101
110111100111101000010001000011
111111001011111001000001001110
011100101101111011100110110000
000011001110001011001001011000
010000100101100110100011001101
010101101110000100100100110110
011101010111101001010010000011
010001100010000101010010101010
111001110111010011010100011110
111100010011111100101101100100
