110110000010001110111000011011
011000001111000100100001111011
001111100101100111110101110000
011100001001001011110011000001
011001111111000100010100010001
101111000100110111100111100000
001001011011011011111110011011
111100100001001011011010100111
111011111100000011000100110000
010010011010010100101011011011
001111101011111100111101000010
000001010010001010000011111010
111100011111011010100111111100
000111010110111000010100001011
001001001101010110110001000001
111101100111011111101000001010
100010001110011110110101010001
011110000100001010100010011110
101101101010011110001100000101
111111001001011100111111000101
010111101111100101011001110111
101010000101101101110000101010
010110111010111101000100001111
010011001010011010101000000100
100010010001110010010110110010
101011001011111111011010101100
000000000101111111100000001000
001010101110110011100000101111
000101011100010000010110101110
011001100110000111010100111101
