100010111001010000111000111000
011010111101000000001011101101
011010011100000011000011001011
010111001110011010101000110101
011101100100010100111111100000
000000111010111110011110111101
010101110110010100000100111000
011000001101000000110111011000
111001101100101011110110101111
111000101100011001100100001100
111111000011100101000110111111
101110110001001110101010101001
111100110101001101110011010100
101101101010000110111011101101
000001110111000011000101001110
011111011000111100011011010111
010110111011011000101111101110
101101011101110010111001111001
000101111111100110011000011101
101111000111100110111001010110
010110110010011010111111101101
101001000111110100101100101001
011001101001110111011110000101
000011001010111000111101111001
101010010101100000000011101110
110100011100110000000100010110
001111101000010010111000111010
101100010011011010100100111010
101110111111011111111000001111
111000010011101100110001000100
