011001111110100011111000111010
011111110001110001101111011010
111001011111100010101100110111
000011110000100100010111011100
110011111000010010011011010010
000111001101101011111011001010
100001001110100001010001100100
101101101010010111010110001101
000110101101011101110010101110
000111110111000000011110000111
010100110110111011111100011011
010100100010000000010100110111
010010011100101010010010100010
001010110110101000011110011101
101011011011100001011101110010
100010010001111110001100100101
110100110110111110010011010111
000111101010010100011110111000
110011110011010001101001010110
010100001100101010110011011010
110011000101010100111101100001
011001011101110100011010001111
000011001000000000011001010110
100101011000110100101101000011
111011010011000100100110110100
100000000010110011101010101100
101001010001111011010101000000
010010101111101111010000100010
101001100111101000011000001011
111101000000010110100011011111
