111111001111110001110001110001
000110010110100000000111100001
101001010001000000010111010000
000111010101010001010101111100
110110001101001110001100101011
010100001011110111101110011101
010100101110100001001010101110
000101010100011111010000100111
111111001010011001111110010101
000100001001100110110101111001
110010000110100111101111111101
100000110111010101111000111101
011001000110101000011110010111
010101000010010000011000001001
111000011000111001110001111101
001101000001000011111000110110
110100101111010110110110100010
110100010011110101100100011100
111010111001110010011000001011
100001010100001111111011101100
110010101110000011100100110000
111101100010100001111000000001
011011010010000101111100000101
110010011000001110000000111001
000101011111100011001100111010
001010110010100110100001110001
101101100011000010110111100001
111101101001111010100111001001
001100000011111110111010010001
100110110001010101010010111111
