111010111111100000100000011111
101000100111101011001010000001
100011100101110001001001000010
000111111111011100100011000111
111101100101010100110000101000
011011001001011000010111111000
000011111100000011101101111010
001101010100000010111101010010
110111001111010100100010101100
010011110011100011000101010100
000010100001011110111000111111
010110001011011000101110110111
100001111111011101110101101101
001011100001000100011010111101
100111111011001010111110011000
111011010010000101010011111010
110111011001111100111001101100
010001001111110100011000101100
011111101001001101001011010100
001110000000100100010010110111
110101111100010100000011011111
001001101110011000000010110001
011000111000111101001000001110
010110100101011000010010110110
011010000010101100011111010111
111001101100100001111100001001
101000111100011000010110000001
000011101011010100001111101011
010110111000111111110110101011
101110110011010001001110101100
