101101011011011000011111001000
011101101111000000001110111001
010110111101111000111100110100
101101000001111111100101000101
110101010100110000011001110000
010000111010101110011100011011
000000000001101110110110110111
010010001100000011000111111011
010011011010001100011001110110
111011010101101010110101010111
111001101110001000101101011010
010111100000000110000100001101
101001111110100111000111001001
000001011000111001101111101001
101010010001101000000101010100
100011101011001001011011011101
110010100111101110100101000101
001111110010010110100101001100
011110001010110101000001001011
001000111001110011101000111000
001001101010111000111011010000
011111000010000011111000000111
101100100110100010001100101001
011001101010010101111000101110
010100000101101010011010000100
101011110110111110011000010111
010001101001000111011001101111
110000001100110000100011100101
111100111101000010100101101010
010111000001011110001011101101
