111010101001110100010001100001
111100100000010000010100111011
011100010101110110101001010000
010110001100000011101111101010
000110000101001100111010000001
110000111001000111100011000010
110000101010010100000011100111
011001101101001001100001000110
110011011001101111010010111110
100010011011100000010000011000
000111111100111010110111001001
011100001010001001001101101011
110111001110000100100010010100
010100111001010001111001110001
000111011101110010011010000011
101010100100110011010000100110
101000101110011001100001010101
010111000010001010011011000000
100111111100001101000110101010
010000000110101111111011001010
000100011111000001111111011011
110011000110101110100011110111
111010110100101100110111110111
110101111011001101011011001101
011111000110101101111110001111
010011100101011110111110001010
001011011001110010111010010010
111011111000011100010001011100
110110011110000100111000100011
100001010011001110010111100000
