000111101110010111111010100110
110101100001001101010000011011
100000111001000101011001001110
101001101000000111000110000001
100011011111111100111001101011
010010100100011110000101011001
100110110010110000101100001010
111101111000010111011000001111
010000010011110010111010100100
110011010100001110111110101100
110010100100100010101110111100
010111010111100101110001111101
100010001000010000001001001010
101111101001001011010111111101
100010100000011101010111001101
000100110001001000011010001111
100001011010100110111010100010
101101001010011100111111010101
010100100010110010000010100100
101111001000100000110010001110
101110000101001111001000110101
011000010000111100000111010110
001101101000100010101110111001
011100101010010001101101110101
111101110101010000001100011100
101010000111100001110011010100
000110110011100010101011101111
101111110110110110000000010001
001100000110010100001101100101
110001000010100000001000100001
