110101111100010001000100110000
110011011001110111100001000101
001001000111101110100011101101
111101101011100010111000101110
110010101001111011010101111100
000111001111111111100101100111
110010001110011110010100000110
100011000101000100111100100101
000100011101010110001000000111
111110011010000000100101011110
110110110110010110111101100100
010010101011110011000001100000
110101011110111101111100111101
010001010001101100101001011010
010101100110000100000110010011
101001001100010010011011011001
100000111011000111000110111010
111100101101011010100110100000
000110110011101111010100101101
110110100000111101000000111100
110110111111011100000000001111
110110011010110110100010010111
111001110011001101100000011011
000100000000111100001111110000
000110011000010100000110011101
001110100100001111101110101000
100110011010001100111100110010
111010111100011010111000111000
100101000110010010100001011001
100101000100111110011001011001
