011010111101010101110000110100
100101101110001101011110101010
000001101001010111100111111101
000010010110100000110111011011
010001111000010000101101100001
110011111011101100100011010111
000101101011111010011010011101
011000110011100001101011100011
001001001001101110100001010011
100110010100000010000110101011
000000101111101001001110001111
011100101110101110001110000110
111001000100110111010011011011
011101100111101101110011110111
101000111001100101101000000110
011111100110100001101011001101
000010011011100001001001110101
000101101100001011010110011000
011000100001110101101100100101
001110110101111110010010101100
010111001001101110111011110100
100101000000011011000010100001
110101100101011001001100101001
110010110100100101010010011001
111101101000101110001001010011
000100010111000110111111001100
010110111100000011001100011010
100110001001110001010011100010
000001101100111111111010100010
111111100110011011101100011011
