111110100100011010111111101010
100011101010011111010001001011
110101011010011010011100101000
100000000010111000100001111111
110110101100011101001001001011
000110001000111001100000001011
101111001110100010100011111000
000110011000111000001010100000
111111111011100111101001010111
110100001001000001001111101100
101011110000010010110100100000
111011101101010000011001011110
100100010000011110110110011100
010111000100111010101101000110
101011111010011111101110011000
000000110001110011001011110101
011011101100110010111110011110
101101001000000010010110111100
101101001101110000110101111000
110011000101100010110011110100
000111111000101101010011011111
011101010011010010101011010000
100100010001001101000110111100
000101000110111001100101001001
100001001000000100010100001100
000010110000010001010101011100
010010011010110000010010011101
100100000100110011000001001010
110000111111111100000100100010
101110111100001001011001100101
