000000101010010110100001101111
001011010011110010010000101101
011101011101011111000111000011
110000000110110011110100101101
010000101101101000001101001101
100101011000101100011111000010
111011101001000011001010101101
001011000110100010101100000101
111111010101010010111001000011
111111001101001101000111111011
111100010000110101111011010110
110100110010101111111101101110
001000110001000001111100101100
111100001111000011111100001110
100110101011110100110001010000
011111100010000010100010001110
100000011110110110100110111011
011100100011110010101000010110
111010001001011011010101010010
110011110010010101011010011101
011101000101101010101011101010
110010010000100010001010101000
010011001101010110010001010100
000100011100011001100111000010
010101100001100111110010000010
011011001101001010001011000111
000110011101011000001001101011
001101001111010101110011100010
010100011011111001100011100000
001110011000111001010010111010
