110001011010101111100001111111
101000001001010100011000011011
011101111101100001101011101110
000100111010011011110101100111
101101000000101000111010111111
100010011100101101111001001010
110111110111101011010010000011
111000000011100111110011111010
001111000100011101100000101011
100001000110101111011111100011
100010100011100111001101111000
001001000100001010110100010110
011010101011001101101110100100
110111101100111010011101001100
001101010111000101110110001011
010111000111110001101111010010
110001100101001001101011100010
101100011010000110000100101100
000001110010100001010100101011
010111010101110000010111100001
000010000010100110010011011101
100111111111100101000000110001
101010000100001111100100000111
011111000011000010000100110100
000010011000011101011001111111
110000101001011110111011111110
110010100000000010000010100110
010100001111011011011000011010
000110110000011100000100110001
011010001100001111000001000000
