000000010001001010110001111001
100100010001001101010000100100
110000100000111111010100001011
000011101010101000011011110111
010110001100111111010100010000
000011110001000101011000000011
100110010011000100010110000010
011000110001101000101010000001
110100110011100011001000101011
110011000111000010101111000011
010001111110111110010101110011
101101001101110100110110101111
000011111110000110100111110011
110100110001010110000110000001
101100011100110001101110111110
000001101011011011010000011011
110110101011011110000101000100
011100011100010000110000001101
100110100011001001110101011101
000101000110111001100001011000
100100101000110110111100000001
111110111011000011010000000100
011100010100111001001001100100
110000111100110011101001000100
000000110110101011010110010000
000010011100010010110110111101
111110001110010001001101111001
101010000000110101101001100101
111010001101110001111100110011
111100111100011001110011011110
