111001101000000110100011000001
100011001010000100111000011101
010010111110111101111100110101
001111000011000000110010011001
011011001101010111110011000000
101000110110111000100100001111
010100011000010010100000111001
101001100111000000101001011110
011011111000100001111000110101
110001000100100001100100101001
101011001010001001011000101001
010011100101010011110110111000
010111110111011011011011101000
100101101011111101110001010010
010100110100010101111010100000
111110101101111110001011011001
001000100001111111101111111010
100011001001101010010100000011
101100100100110111110010110111
000010100110000100111111100000
011111101011100101100100111111
110000010011110001000000100010
001111011000100001001000101101
001100101110110111100101001100
111001011011011110001011100101
001101001100011110011000010001
101001001100111110000100101110
101011011111111111110101111011
111001101100110111110010011010
010111000111011111110000000111
