111011001000100110000010110110
110111011110000110000000101100
010011101000100000000110010100
110011011100100110000101111010
100001001100111101001100110110
001101110111100011100001001010
000111100001001000000110000001
001001010100100101111100111111
000100110010111001011011100110
010111011000010001011110111111
111111001010010100110001010000
000000101000000001101001110011
001101001101110011011001011011
111101101001000011100010111010
110100111000100011111000001011
101111000010110001101100001011
011000100001111011101010000011
010010010000110011010110000010
101110111100100011110100011100
101010101111100101100111000001
000010110100011000011110000101
011110010101001011001010011101
000110101100001110011011000011
000011001001100000001111111101
101101111101010010111110001000
110010011100000000001001011100
101000101110101001000100010011
001000101011000001100010001001
011000000010110111010101100001
110010111000101110101000100000
