110111100000000111011000011111
101001010110111101000000000111
001010001011101010101111111000
001010000010010011101000010101
101101001110110010010111000110
110111000000100100101001000010
101100010100101100010001111101
110101101011000111111011110010
101011100010110010000011100010
101110011110010111101011101011
001010110000010001101010000111
101100011100101000011010001011
101101010110011100000000100111
000011111100100011100101010110
000000011111000111011110011110
001100110111101110011010011100
110111111111010010000101001100
001001101001101110000010001111
110101110100101110101001100010
111101000000110110100100101010
101111000111011100010101000001
100100111101101011011111101111
111111111101010101110110101001
110000110110001000001110010010
110101011100101100011101001111
000111011000110110101110100011
111101101110011010110100010011
110001000010101001000000011101
111011100010111110101010001100
011010011100110110100110010010
