101101010001110101111111110101
101101001001010111101111011000
010000010001100110011111110000
110110001110111101101001000100
011011001010111100111000111001
000001100101011000100100010101
101011111100010000101011011110
100011100111100110110111110100
101000010010110011101000010111
101011010000011101100110000010
111100101110000100110111111101
100010000100000001110100110000
001011100000101010001110010010
000010100001110001100010011001
110000000010111111111111111001
110101010011110110000111010110
010010000101001101011100111100
000010010011011000111001001010
010001111111001011100111010101
100100010101100000100010110100
000101011001111110111101100110
101110010110110010100110111000
000111011111011001101010111110
111101100000001001010110001110
010110000011100011100110111000
110001010101100111100101100000
111000101000100111011110111111
010100100101000010010010000111
110000101010011001011110000110
110010111001011110101001001000
