010000101011011010111010001100
001011100101010011111010110100
001100000001111010011010110100
111011110000100010110000100100
001000100010001001101001101100
001110010101011000101000001001
100101000000000100101101000110
111011110101000101011101000101
111100000000001101100111001101
001100010011101110111010001110
110011001100010010111000010110
100000111100001000011010110111
110001110001001000010011101111
110111010100111110010111101110
101010110110010111011001100010
010100001000001110010000001110
010110100110111111011010010001
111011010010100111111100101000
001001001010100001000101010010
100110100011000111000110000100
100110011000001010101100110000
101101110111000001100010111100
011000101010000110010100101000
011010011110101000000000100111
100010110000100011011010101101
110100100000001101101000101000
111100000000011110111010100010
011010111000011110110011011110
011100101001101100111110110010
001010111110101110101010001100
