111010110101101000101110011110
110110100100010001100110101010
110111001101000001101011100110
111010011101010001011011111001
011110000011110110010000101100
011011011010000001011000101011
000011010100001110011100010011
110011100111100100101011100000
100011010110101011010010111110
001011111010001100111000001100
110110101000111100101001111000
000100000010111100011010001101
111110101000000001001111110101
101011011100010010100000011111
001010110001110000100001010010
101111101111010001111111001001
110010011010111010111000111010
011000111111010111001000100010
000001000100101111111111000111
000101100100100000000101000111
001111000001001111111111011000
001110110101100101101100010000
101101010111010011111001001000
000111011000011110010011111110
011101001101010001001000111111
010111110001100010010101011111
100101010100010110101000001110
001000100111100100001011001100
010101100111011110001001110010
000101101011100111100111100110
