111110001011000111100101100010
100001011000100111011110000110
001111000011001101011000111101
010100110011100100000010000000
000011100110111001110010000011
110101000010001001110110101101
011101111111100111101000010111
011101110000100011011101000110
011110100111101101111000110110
100110110100011011101101101011
011111001100110011111101110111
010101101010110101011011101001
111111101011010110111110101101
100101110101101110101001111010
000100011101000001000111010100
011100110000111011110001111000
000110011101101100110101100001
101100110101010100010000110111
010101010001100101111001111110
011100111000010111100101011110
011101000011011011011010111100
000001001110100100110111111101
111001001001011000100001101011
001010101001001111001001100000
011101001101111011010011011101
101010011011010100011001000100
100000001001010100011001000110
011010001001001000110010110001
011001101111011110111111100111
110011100100000100100001110100
