110100000111111100110110111000
000001101000101100000001100010
010011101000001000000011011111
010111101100110110010011010111
101110011001101011010111011110
001000010100111001011111011000
101101001101101011110000111111
111101000100101011101011011101
110101111101010101010011110101
001100111110000110110100011101
011010011000110111101011110000
000101001011101110101000010111
100100000111010001111111011100
101011001110101111000001110111
011001110100101101001001101011
001111110110011111100100111000
101011011101111101001000011011
001001011111010011011001001011
110010110101000100100001001011
101000111010101111101101101111
011001010011101100000010010110
000100110100001110011101011001
000001100100000010001011000011
101111001010001010011010001100
000010011101101000111010100011
110001101000000000010111000011
100100000101111101111001011010
111001001100011111110110000001
001101111100010000100100110000
100000010101101011000111100010
