000010010100000111111101001010
101111110010100011011111011110
000100000011011100010100010000
110100001101100111111000101101
110010111000101001100111110110
011011001010000000111001101000
101101101001011010010101010100
001110101010110110010111110000
111001111100011101101011001010
110110000100101100001111000100
101111010111000100010111010000
101110001011111001111010100111
101100100110111010101101000011
100000001110010000111111010001
000101101011101000000010100001
010001100111100101011101011011
111100101110001011111111001110
010100001000101011010111100001
000010100110001011110001001010
101000101111001100111011110001
010111111100100101111000110100
001001001111111101100110010101
000001111111111000110010101000
100100000101100100110011100000
011111001100110011000111101000
000111000001010111001100000111
111000110011110101001001011011
101111010010000101100001111111
000111010101110000111010100101
000000111101111011100110111111
