001101101010010111010011011111
001101101101000110011010010101
001101001100010111001101111000
110010001001100001010100100000
110110100000001001111001111000
000000011100010111110000010110
010011010010010111110100101100
011000110101100001100010110111
000010101011100000000111100110
000100000100000101010110010000
101110111111100011101111001100
100000010011100000001010001110
100010001110010101000000101010
110010010110100001100000101111
001101001000011101001001101101
110100001010010110000110110111
111110110111110000101111000111
000011011110110101001010001011
010100000100001100000111101010
100100010011010100011011100010
101011101110001101111101100111
001100111000010100100111100001
000100001010111110110000101011
110011101010011000101101111011
011000111110011101000101000011
110000011000001010111111001100
000010110000010011001110111101
000010010110110101010010111101
111111011010111001101101001101
010101101000011000010111011010
