111101011010100000100010100001
111111101101011111000010010011
100110001111010100111111000000
010011000001000111100100110000
100010101111011110111100000101
010001000101001011010000011000
011000101101011101001110010001
010000011011000000101011011110
101011000011011000010111011110
000011100011011001011010111010
000110101001110111011010101111
111001110101001011101001101100
010101101010001001011010001011
110000101110111101111001011010
010101000100111010100100111100
110111001001110110011110111001
101010000110010110100101000101
101011100010011001101111001100
000100011100011000000101000001
010000010111000111011100001101
010010110110011100101110010111
110001111101001101111001010101
100100100110011101110001000011
111010101110000010110110101101
010110000100001101000010001110
111001101110001000011010001101
010100001001011110100001011000
000011110110001001000110100100
100000101010010011001011101000
110110101111001101111101101110
