111111111101001011110111010101
110110000011110100100011101111
101010010110010011010001101101
101011010000010101011011111011
000100011101001010010011100110
110000110000110101101000000101
000010110100111000100010010001
110001000111001111000011001011
001011111111111000101010011010
000010101101110000110101000101
110111010001000000110110110111
000101001000001010000000100100
001010101000100101001101110100
110001000100100111010100011010
010001101110111000111011110000
111100100111001011101111111100
010110100101111100010110111100
101001011101011000011000010001
000100011100010100010111000101
001010101001000110000100111010
111110101101101111000100100011
110110110101001001111110010100
001101111100110000010101010010
111000000101000010000011010100
101000110011100000111001101100
100000111000110110010000011000
010001010100111100011010000100
110010011001100101000000001101
110110010100010011001100010101
111100110010101000110010010110
