100111110100000100101100110101
101011000010010001001101110110
011101110011101101001000000000
110000101010000000111110110001
001110001100011110100100000100
100011101001001100001001000011
001010010000101001101001111100
011101110101111111000011111100
100100000000100000110111011101
000010001100110110010111010101
010101101010100010110110010001
111000100000010101010101111001
011101101101101100001100000000
111010001101010100011000001010
100101111101011000111011101001
100100110101110001010001100111
001001011011110110101101001110
010000000001011000100001100101
001010011010111011100111001111
000100110100101001011110001001
010111110001101000101000111011
101010110011101110111111100111
001010010011001110011110000110
011110111111101000100000011010
101111110111100110100110101011
011100000100011101101111111011
110101101000101101100000110111
000100011001110111011001010100
011111111110101110110011010011
100111010101010010000010110111
