110001010101111101011001101010
100111000011111100001011010101
001110101100001100000100101001
000100100111111101111001100110
000100111001000000011101110000
000001011011011010000110010000
010100001101010100100001111110
001001010101101110110101101001
000010100101101101001100101100
111001001111110011110111101011
110010101110100111110000110001
001000000011001001111100010011
000011111001010111110001111001
001111000011011001011111100011
110100110110000110011111110110
110111001000011101110110100010
100101110101111101000010011101
110101100100010101011011000000
011001100001010010100011000010
111100111100011110010001010000
101011010100100000100100011110
000100011101011101010110110110
111000110011111001001101101110
110001010000100110100000001011
011001100111001101100101011011
010111010100101100100000000111
101000011110100110011101100001
000101110000001001010010001001
100100011010100001110011001100
011011010110010000110001010010
