100000001100001011001100010111
000101100100111100010000111011
101101111011000111111011100011
110110010111000111110110011000
011111100011101001000000011010
101010000011000001000101110011
111000111010001101100011010111
001111011100110110111111111101
101011101010010001010001111011
011011111011111011000101000111
101000101100101001100110000010
011000011001010101001001011000
011010011100111110000101011100
101001100010101000100010010111
000011010101101111001101011010
000000100001001001110110010000
111101011100011100101011100000
001100111010011010111110111010
100100010011010001001000101000
101000010111111011110111000010
000111101000101010110000011110
001100111011100100000100011011
110000001010011110100010100101
000100111001011110101111011111
001011000011110001101111011101
110010101101000000010111000100
110100011010010101110100111100
101011110010100110010100001000
100010101001000010101110110000
001011101100010101010100110001
