111000011101110110100000110001
001100101110000110011010110100
100000001011110000001011100110
101000010010110011111101101001
110101010101001101000111111011
001011001011101100000011111101
010101100101011011101111101001
111111001000001011001100110101
000000001001111010010101101011
110000111110001001001100100111
010101011000101111010111011001
001010011000100000000100001010
000101001101111011100101101001
000111001100111111000011011100
011111011100111101100100100011
111111001100101110100100101101
011001101001001001011010110000
100110001100100010010110011110
111111101111001100000001001010
011010001110010011110000110101
100011111010111111010001110101
010101010101101101000100111100
010010111010010000000111100001
110111110011001011101101011010
011001001011010101011010100010
001111011001100111000011111010
111110111110111000101011110101
011001110010110011001011001010
011011010100110100100000111000
010000000111000100101101111001
