011001010011101010110110011100
100110011100100011000110001001
101011001111110111001010001111
001100001011111111101111100110
010010010011110100010101101100
110000111100101101001011111011
000111111011011001110101111101
101100110101101101100011000111
010001010011011110001101010010
101100110100000010111101010000
111110011011001110101110011110
011110110111001000100100001101
111110101100100010101000001101
000101111010001101110100011100
100010001010101010000101001011
010001001110100010001001100111
010111101010100110011000110000
011101010000000110100000000000
000110001010011001011101001101
001000001111101001101011011001
001100111001110111111010111000
000110000111000010101011100010
100101111100011010000001110100
010101000001001101010001010000
000001001001111111000001001111
100100101111110010011111111010
101111110110011000010101001000
111111101110000100010100111110
110010011100001011110100001001
011011011000010110111010011011
