100100111110111111101100101010
101100101001010111110100011111
111011010101100000110111011101
010111001011011010010110110010
111000001100101011010011001011
011011110101101000011011100100
101101001111001100000001010001
001000101010010110001000001001
110110110001000101111110000101
000010000010101100110011010111
001001000110100000101100100000
001111111101100101000001001010
001110100000111100100100011100
001110011110010011110101000111
100011000011011001001100000010
000110000011001101011100110000
111110001101000111001000111110
111011000011110111001001100010
011101110011010100010100101011
010100011111110011000001100010
000010010101101001001010101110
101101010101001100110111000001
101110010100010010111010011110
100000110101001001110011000110
010000000111101010110101010110
110011111101001001101011011011
011101001011100001100110001001
100000101010110011001101010111
001011110010001110001100001010
011000100110000000001101010101
