001111010111110000001001111100
111000001011110100000110001100
001000111000000101110110000100
001101010011100110111000101001
000000011110111000001110011011
000000110110010001011011100100
000110101100011000110111101100
010010011011000111100101101100
101110110100100110000011101001
000111000111000111100100101111
000000101111111000010000101100
010000110101111011101001000111
111100010110110100111011010001
001000111101110010011101100000
011011011111001101011010010101
010000101011100000111001111011
111010111011101100010101011101
011011100100001111100010000010
110000100010100010001001100111
011100111100001010101101011100
111000110010111001000011100100
010101101011000110011010001100
101110111001111011111001111111
110111010001101111001011001110
001011100010101000111001110101
011000110100011110011000101111
010000110011101100010000000001
101001100010100001111000111001
011101000001000010000000010001
010000111010010001110001011110
