110011011001010010011101000000
100010001011111100100101000111
000001011000010110000101110010
100001101001100100111101101010
111010100110010110000100101001
110011101000000010010110100010
011101010100100000000001000010
111011011110000010101010011110
101101000111111110110010110110
000000110000110111011001111101
010010111011000000100110011101
111111000100111000011101011111
011001000111110010010110101011
000110000100011011100110000101
111110101111110011101101111101
110010100111001100010111010000
101100000110001000001011010000
101000001010100001101101001110
111111100101100000001100000000
001001110000011000111000001001
001000011110100001010010011101
001110101001000101100000011011
011110101110001100010111001010
111001101000001100000011011011
100001000111111100110100000101
001111110111101111000111010000
000011100100100111101000001101
110001000001001011001100101101
011011001111001000000101001111
100010000000110111110110100011
