101100111111110111101110110101
110100011011111110011110010110
010100001111101000000110101111
000011000000011011111111000100
100110111011010100010110100100
101100101111101111101000011011
101000010111010100001001001011
000010000001110011110101011110
010010101111110010101101110100
110111101010001001111010100110
101011001101001010110101010101
000010011111011110010101101001
110100100011111101010001111011
101100011111010011010111111011
011000000010011011111010010011
011111001011000110011000011110
100100000100000000001110110111
010100110101011010111000100101
001000001111001100111001100100
101010010110111000110000110111
001000101000010101001010101011
010101010100001010100100100010
011010000000010101110100000110
110001111010111011111101011111
011011101101110101000110101011
100101010010000101010100001011
010010000011010111111010111101
100000101010011111001111101111
100111110011111001010111101010
000111010100111110011111001111
