000011111011110110011000111011
010010101100100100001100110001
001101011101010111100010111000
101101111101010001001110101010
001001011100101100001011000110
001010001110010000111111101000
010100110010000000000100000111
000001010010011111100000011110
001110110111001101010000001111
011011011000111111100000010110
110010001001111100011101110011
111001111110110110001111001110
000001010111011111100110000001
111101111100011101111110101011
101000001100101100011000100011
110000100000110001101111111101
010000000010111111011111011111
011110000111111000110111110001
010000110011100010110010111001
010110110111001000010001000101
000011100110001100101010101011
001110001010100000100001101111
110011111100011100001011000000
101001100110011001100000000010
000010001111111001110101010011
010111010000001000101100111101
111101101111010110111000010101
110011011010110111101100110001
111011010101101000111011111011
100001000001001000011101101000
