000010010000001010110111111111
000111000111001011101100001001
110100011001101011001100001011
001110000000100011111101000010
111111110001101001000000010001
011110011110100100011011010000
010010010111000001010010100001
001101110001010001111010001101
001010110010101011110100101011
110011011100011000000000001010
111010011001100010101110001010
001110101101000100001110000100
011111101110011010010101111011
010101010001110000100000110111
100011011000011011100000101001
000000100110100101001111010001
000111100110011111100110111110
111010010100110001100111111001
010001100010010101001000100100
011011000010100010011100011001
010010011000101010010000010110
111111111100011100000111010101
011111100110000011000010110000
011100101111100000101010101000
000000101010001110000101010011
001110011111000100001111010110
001001001000000010101010100111
111110000011011101011000010101
100001010010011110000010110111
101001011001111010010010001111
