100100000101011011010110010000
111010000101011100010101000111
100111110000011011010100101010
110000001010100101100001100111
000111001100110100111010011001
011110110011111111000111001000
110111111000111111010110001111
010010000101011110010100101000
011010111001010110001001110110
101000010011111111010001100100
000100100000001100010001001010
101111100111000101001111110110
001010011010010100011110011100
110110011011110110000110010101
011101100101111001000010010000
011100000110110100100111100100
111100110000001110111100101000
111000010001000100001111110100
010011110011011001100100010100
000110000010110011100110001110
111100011101000010101111010101
000010110011001001100011000100
000010110111011001010100000001
100011100100011111010101101000
000100011101001000001000111000
101111011001001110110110111100
110010001110100101111011001001
000001100110110110001101110100
011101101001101001001101100001
010000111010111010110001011001
