000101010111101011000011000010
011100110101001100110110011101
111001011100100010000001111110
011100010111110110001110010101
010110010000001000010010101100
111100011010001110110010101110
100110101000110010101001001100
101101111110111101011011011001
110101000110010111001111111000
001100011111111111100011011011
001110000100010100101111110011
000000000000000111010101101101
011111001111010011110111011110
001000101110101001110100010111
111000000100000111011111001100
001011000111000001001001010000
111011110101111110110110111110
101000111000100000111001001111
001001001111101011101001011101
111010001011001011100100111000
010110001011011101010100101001
111011010101011111111110000110
001101100001111000110011111100
000111011100101000000100101011
010100000110110001111010101000
111101001011110010000011011111
001011100101111101010001011010
011010110011001000110111110000
000101100111101110000110011101
101010001110010001011110001111
