100111011101000111010110001111
100110010000010010011101011100
101100100001010000001010111111
111010011110010101001011011011
111100110001100000100001110010
100100111111100000100000001110
010001101000000011010000101011
010011010011100001100100010100
001101000000110001000100100101
100111110010111111111111111111
000000010110110101111101101110
111010110001010101000100001010
010111100110010010111001100010
001011101110110100001111010101
110100100100011100100100001100
111010001101000111011110101110
101001110000011111001101001111
101100000001000111111110101010
010100110110100011110100000111
011110000110010000100010010000
101111101101010110011100010101
100001000001001100001001100001
001010010010110111011010001110
100110110001101000101110001010
110101000000001011010010011101
010110100010110001010011100000
000010010101111101100010000011
010111100100111100010000011011
111001000001001000110010001101
111101111101111110011000101110
