111111010010000001111110011100
010011001100111011110000111001
001100001100100010111101100000
000010000000010110001110010110
011011101000100000111001001011
000011101000110111011000010000
010101100110100101010011010111
001101100101101110011000100011
001000100110000001000000101010
000010010100000001001011100010
110000110000001100111100001110
001001010010001110100101100000
011000100010101100110011101110
011000110001001001011011001100
100110000100000010111000000011
010111100110000001000110111111
100001101101011011001010001001
111110101100001110000110001001
001101011101010001011001100110
111111100111110100110100010111
001110011001001001111011100110
000111001101000101110110001000
001110010011100111010101100101
011111111001100110011010100100
101100100010111110001000101111
101000010010100011100000111010
101011000000110000110010010110
010011000001010110001000111001
010001010000010100011110010100
011011100001101111100111111101
