011100001101111110101101000110
010110100001100110010001110010
110011100111100001110111101000
100011011001011001011000001111
010000111000001101000011100110
100000110011100010110111101110
001011100111101101001100111000
001111010111111001110000001100
100100111100100001111110100110
000101001111101110001111111100
000100000000000000011001100111
001000000011001010010000111011
011100000101101000101110001100
010100100110001000110010111000
000110011010011011010111101110
111000000011000011101000011111
101011101000100010011010001010
010101001011010001110010001111
100101111100101010101000001000
010100110001100110111001110001
011010001100100010111001010000
010101100010111001001110110011
001111101100000011101011100100
101010100001111000101010100010
101111000000111101101011100010
100001110010010000111101001001
011010000100101111010011010000
000101011100110110011011100110
001011011010000000010011101011
111111001001010111110011001110
