010101101011001011110101001100
000001010110010111111010011000
100011101000000100110100110000
010100011100101110111111111100
000010101010101010011000110110
000101001000100111011010110000
010110110101110101011000001111
100100011010010110000111100111
011011010110011100001101101100
110100110111011011010101011111
010110100100011110110110011101
100111011001111110110110011000
010110111010111010010011101001
101100000001110110011100000111
000010111011001101100010011010
111100011011110011100010100001
111000001110011100100010010010
001100000011111100101101101101
110001011101101000100101100111
010111011001001111101111111010
000101010001000000100001101010
001001000011100000010001011011
100111011000000101100000010100
000101101011110101000100101010
110101011111010110110100010110
000010100010101011100101110101
110101101011011010011110110111
110100101101110010101010110110
101101001001010100011110011011
100010100101010101101001011111
