110101001101011010000100010101
101111110010101010110000010111
110010100001000000101000100011
000010000110000010000000111100
111100011101111010000011100000
111111111001010100001111101101
011111100110011010011010010000
000000100111011001010101010110
101000000010010010111110100001
101011011011011010111000110001
111010010001000101101101001111
101111000100101011110111111011
001011101100101010010100110110
110110101011111111101111011111
000110010111011100010101010000
111000001010010111101001111111
011011101111111110010011100100
010111100100111111110110111011
000100100010011111100100011111
111111011000100000011111011100
110110000110010110100110001011
000010110000010010100111100001
110000000000101110011010010111
111011100111001110100001110001
010000101011001100011110011110
101100011111110001010110101101
101010000110100101000011100101
000100101110100110110101101000
000001111110110011011001110011
101011101111100000010101010100
