011001111011101101011110011011
010001000110101110000100111111
100111101111101100101001110100
110111100101011000001111010011
000010111001010101010110010010
100010000010100110001100110110
110010000101101010100100101001
010100110000100101100010100000
011100111110111101001010000001
000100010011111001010100011111
110010111010011101001110111101
000011011111100101010010001000
011000000010101100101011100011
101110111110100010011010111001
000111101111001000001010100100
111000111010000001001101000011
100101010101111000000011001100
111001011111110110100000101101
110101001010001010100011000001
101100010000110010111111001011
111101000101000001001010000111
001100000110011101000000100100
000001101011000100110101100110
110001011111100011110010100111
011110101101100001100010110110
001001001010101100011000100101
000101101011111100001100010100
001000000010010110111001000101
110111001011011101011110000100
111010011000000100111000000001
