010110101100010101001001101101
001100001101011110101101111011
101101101010110001111011010000
100110100000111110001100000111
100000110001011110001100110110
100110110111011110010101000101
000010001000110011111101110110
001000001000000011010110111010
011001000010011101000100101001
001100101010101000110101011111
101011000110000101000101010011
110000111110001101001001110100
101000000010010000000100011110
000011000110110001110100010000
111110011111110111001011010110
000100011010110001100100011111
001000110100100000111011010000
101101110110110000010100000010
000000001110100011111010011111
011100101110000101100101000010
010000101001010110001000001010
011010111101011001111011110111
100000100100110101101101001000
110011101110010011111010001110
000100011111000100101110010101
110110110111100001010101110001
100100011111111101101101111011
100111010001010100100001000110
010000111010111100101111100000
100010111101001100001100111101
