100011110000001110110100011111
111010010110100010101110001000
110001111001101000110110111001
011110100101001010101111111000
111111001001110010001011111000
110100001000000001110100001000
100001000000100011100010011001
001111001000011110010000111001
011100111111011111010100100111
011000110000011100100010101101
000111000000010001010111111100
010110000001110101011100001101
100011111100000000001011010110
100100001010010011010111111011
110111100100011101000000011110
110111111101100000000010010010
001011011000100001110011110100
010010100101111100100010010101
100111000100100011000010010101
110101001100000001001101000010
001110000111111011011000101010
101010110101001000100100001010
011100011110010011111001100010
011001110011101000001001111111
101000100010110110100110011001
010111111100001111011000100011
000110001001010111100100111101
100110110110011001000110100010
101110100011011000001000100000
011011010010011100100010110011
