100010110000110110010000000101
001110101011100101110100001011
110101110011011010111011101001
000011111110110111000111110111
000000000000010011010011111010
110010100111001100111110111110
010001101110100010101010111000
101110111001111101001110101111
101000100101111010100110110110
010011111000100111110111111000
110000100111000101100111011110
001001111001011000101011110001
000100010100010000110111001010
001111001000100011100110011000
101110011100101111101101101011
101111110000011011011000000000
101000110001100111111010001101
010110101001100100100100000101
111001100010100111101111111011
100110011001110110110101010010
101010001110001100001000100101
010000111001101110001010100000
010110010001000100100111110011
111100101001110111001101100101
101110011010100100111011101010
111011110000100000001100111100
000000110011110101011100111011
000100100110001011010110111110
000010011110010010100111010110
101100101010110100111100000010
