000110111101011001111011111111
010011111010001011110000100100
100011011010011111100010010110
010111111001001001010110001000
011110100001110100101101101110
101111011010010000110010100100
110011000101110010100011011110
101101101001101000010101100001
101111101110110010111000011110
110011011110000010111011110111
010000101011001011101001101010
101100010000001010001001010001
010011000000110011100010101110
001000001110001100000010110011
101001110000000101001001101011
100000000110101000111010011011
100001010100001010001010001000
110000101010101001111010000101
111101101100110100000011100001
100111011111011011101111101000
101111011010001010111010000111
001110001000001101100111001000
001100100101110011111100010010
101011000101100101001111001000
000000110101101010111110100000
111100101101000100110010000011
000000011101000001011010010000
001010110001101110101001100110
001111111010110100001011011000
110110111010101001001001110010
