101100001000011010011000101001
010110111000101010100101010001
111000000011010101101010000110
101101100101000011011111001010
010110000110000011010010110000
101001100111111110110101011000
001100101101011110101010110001
000010110101001110001100110010
011010000101010101001000101000
000001010001111100111111111001
000111000000011100011011000000
000110111111010010000001110010
101100110111101001110000000001
001001010111000000001101100101
110111010101110011100010110011
000101100010010110011100010101
101001000111111110001101111010
101111010011000001011110101001
110011000000011010000110111000
011111000101100001111000000101
110010110000011001100000010100
011101110000011101000100000100
110000000111010010000011001011
001001101000111010010110110110
110111010001000010011111001001
010110101111111110000101101101
001100001101011000011101111110
111001111001001011101010110010
100010001011100000001100001101
110000111001100001000001110001
