100001111011010000101010011100
001110100101111011011111001001
011000110011000010011110010100
101001000011101110101110110110
000001001101000111011000010110
011101000111110001010111100101
100011110010101000011110010010
011100110101011101101001111101
001000011101110101111110011111
100110111001000011000000100010
010010011101011101111111110111
101111110011011010111011000101
110010100000111100101101101100
110011001110011000111010000100
100110010111111001100010000001
101010100110100111001110111111
100100101010000001101111000110
110101111101000101010110000001
110110101110010001011101110100
100111111110110011011111111010
011111110011100010010000001101
101101011011101011001101001100
001001101010001001100001110101
111110010000011111100100000011
100111010010001001001110100000
010110000010010111000001000101
111010100111111110000111001001
111011010100000101010100100011
000101011100000110010000111110
011110000001010110100001110110
