010010001110000001100000111111
110010011011000000001011011110
110101101000111111101010111110
001110101011111000110001111010
100100000010111110111010010001
011110101000011011111001000010
111000101100000111110101011001
101011110010011100111010000010
011001010110101111001011111001
111111110001011001100010011110
111011101001111000111110110100
010101001000011011100101101110
100100010101101000110101110001
110011011000011100010001001110
111101000101100101110100011110
111001011110011001111011100011
111110110101100010010010001001
110010000000000101001000011000
101110110001110101001111110000
001001100110001101110110010111
010110001000110000111011001000
101000111101111011011100010001
100100001100101101100010001111
111110110010101111000011000001
001001110010010000001001111000
111001010001100000110111100010
001001011110011001110100011000
011101000010100111111000010101
110101100010000110011110011001
100001100110010101000101010101
