001000110101110100011001011100
101010011011010000101010011110
101101001110110000111011111110
001111001110110100010001000100
001011011110011100010111001111
000001110010010100000010000101
100011100100111111010110001010
011011010011110010110101100111
011010011011110010001100010101
011010101011100000000101011000
011111010111111100101110101100
011001010011010110100101001111
000001001101101111011110000010
010000010010100010101011111111
101000111010101110010100110110
110010010111000010000100000001
111011100001011100000100111000
111100011010001011110010100001
010101001111010110010011000001
111110101010110110110011011011
101110000100111000100011100111
000111101100111001110101110110
111001101000011000100010110001
000010111101111010110101010110
000101011111000100000010000110
011000111000001001110000110011
001110101111001101000001000010
000111111000011000000100110101
101110010101101010110101000000
110101001001101011000000000000
