010011000000101111010101001001
110110110010010001111100110100
001010011000110100101011110000
101000110100010111010001100110
001000001111000010000000000010
101000001100100000010011101100
011101011111100110011001111001
100101100000001000000100110100
110111111111011111001010001100
110100011000111110000101111001
011101111101011110001100010111
011111000111110110101111011101
001000111011101100100010000010
001101100001001100000100011101
111010111010011001101000101111
100010000111111110011110110100
001101010100110000111011101000
010111011100010110100101110111
110001000010100001010000101010
001111010010001011011010000011
000100111101100000000011111001
110010000111110100000100011010
011001111101011000110111000011
100111000111111101111001100100
010101001010001110100101100101
000101001101011100111010110101
101010011011110101010111100100
010001110011010001100111011111
010100101110110010010100000101
010101110010111011001001010001
