110101111011100101000100100100
000011000000010100010011100101
000000101010011010100001111010
111011000101100110010000101111
000001101011100111001101011010
010011111001000001001101100111
100101010101010111100111000101
001011001001000101111011010110
110001011010000010100101011100
011010000000111010110010001111
011000000011010000101011010110
011001111001111111110111011001
111110100110001000001001011011
111100101011110001111010011101
011011000101100010000110010000
110000000101010000100101110100
101110111101100100001111101010
001110110010010110011111000111
001100011000010010111110000000
010110100111100110011100100110
101101000100011110010011111101
111011001110101001101001101001
101000011011110110101111001010
100100101010111000101101100000
011100000010100110110001011011
001111000010101100000111010001
100111100110001101110110100000
110100110001011101101011111001
100001100000000100100100110110
000001000111001111110111000000
