001111110000101101011001000100
000010111100100101011111000110
100011100101001001001010100001
000001010000011100111100000011
110011100011101101011010100000
101001101001000101111010100001
000010100101001101010001010111
111100000111110001000101011011
110000010001011100001100010100
010100101011010011111010001101
101001001011001100011110101011
101011111100011011001000111010
111001111010100100111100000110
011110100111001000101011000000
110000110110000100110011010100
111010011101001110110101000110
101110001111001010000100111110
110111011100101000000101001000
111000011001010010011000111110
110111100100100001001001111011
111111101011011010010011011110
011001100001011111001100010000
010001101000010110001000011011
011101100101000100101010101000
101100000011110101000111110110
011001111000101001001101111110
101010110001110001100000000100
101011011110000010111000010101
100000000010011111000110100110
011010110001001101111111011001
