001101100111000011101010010011
101110000000101110001000011111
010101111010011100011100101101
001010010011111010100011001010
110100001001110111100101001000
101011010101110101010001000100
111001001100001101100010010100
010111100100101000101110010100
110100010000110000010000010001
010110010010101010011011110100
000000100000111101111101000110
010010100011110100110000010001
010011011111100011011010001100
101010011001110100011010011000
010001010010100001111011001111
011001011100100110100010011111
110101101000100001001010110011
101111100001111011001001100000
100100100111010110010110000101
111000000110000001001110011111
001000100001110110000101011000
101110011111000100010110010100
101111000110010100001110000011
110001100110010100101000010111
001100111001111101000010110110
110110010100001111001001111100
001110010101100111101010001010
100100000000110100011010011000
010011010100000001001011111100
111101011001011100001000001010
