101111111101001110111101110011
110111111011111110111100010100
101110111001011110101001010001
001011111000111001110000001011
011001011000101000010000010110
101110111111111010110011011100
000111100100111010000011001101
000001011010101001100110111011
001011010000011011001111010001
111100001100011000100001000110
011110110011011101011010101001
111001100001101010011110100100
110101110101000110000101010010
011000110100011101011110011011
000110100101101010010011000110
111101001101110111100111010111
111111110101010100111101111110
100000110100000100010101000100
011111010111000001110111110101
001000010100010110010010011011
001110100010101110000100100001
001110000000000100000000000100
110000010100001001000110000000
001100110110110010000100110101
010111000010001111100010111011
010011110000001101010011010010
000110110010001110100100000000
011101111011111011001110111011
011100010001101001110101001100
101000100110101111000101111000
