010000011110010101000010100010
111100100111011101011001001011
110111010101000100101001010111
001101001011000101010010100011
101001110011000000011111110110
111100010011111110101110011111
011001100110111011110011000111
000000110001111001111011100010
010101000010000001101011110011
001110110010100010000000010100
001101111011001111000110111110
001001001101010111101101111110
001010100101111001111111000010
001101001001000011001011011000
000011101001101110011100011010
110100001000011111000111100011
010101001101101110010101111100
100110000000111100111111000001
101111110111000100010000010011
111001111101000001001101110010
010000000000111110100100101101
100110011111001001011000111000
101000001000000101011000101110
101111110110101011111110111111
110100111011111000011101001110
001001011111100110100011001100
101011000000010000010111101010
010000100111100010101111101011
010010001001010110000111110101
110111000010001001001101011010
