101011100000001000011011100100
111110110100111110000110101000
000001100001100001101000110011
010001111110001111001001000101
011111100001001111000100010010
111011011011101100100111101001
100000101110001110101100001100
110110000101101111011000000011
101000111010110010011011110100
101011101010010001100110100100
101010111110011010101100111000
011001100111101011100010001000
111101010010111001010000010001
100001111100110110110100110101
111000011110011000101100000010
101011111010010010110110100111
000101111010101011001001011010
101010111011111010011011000101
100001001100011001101111110111
101010001001100110110000100010
001111010110111111100011001100
001100010111101101101001101011
011001011100001111001100011101
001010101101001001111011001111
111000110011011011101110011100
011001111101010101010100111101
101101110011101101001111110011
011101100100010000000110010100
010010011000001000000110111000
100011101111110000011100001011
