111101111110100100100001001111
100100010110011111011001101011
111001111000111000001000001110
011110111000110100101001000111
010010001010000000001011000100
110010101000100010001000001111
000110101101010011010010101101
011000010011111100110101011010
100000010111110010011011111011
111110001100000011101001001001
101110011100110110101000000001
011000011010110010111000110110
001001000111011111101100011100
100100001010100011010111011011
011110000011111110100011001001
011111100110110010101010111101
000010000100100000101101110010
101011000000101001001001111010
100111111100010100001100010110
100011101010110100111010111100
101011111000001011111101010000
010101111100001101011100001001
110100111000011100010111111011
000111101010000010100011101000
100011000000000101101010100001
000001100110001100000111000111
010110001001111001000001111101
100001101011110101110100100000
001110001110110001001111111100
101011100111101101110110011011
