101100100000001001100010011011
100111011111010001011010010010
001111011110010110110101101001
100111010110000100111100111011
101011111101010101101001111110
110011100111101011010011111111
110110011011111011100100101011
110011001101110110011110000000
001001011000001110110110011011
001100100011111000111101001110
011111010011000000001100110001
100000111001100101111011000110
001111111000011111111001010001
000111000100111011000001010110
101111101101101001100000010000
101110110011001011011111111010
010000011011110110010000001000
000101011001010110100100101011
111100001100010001000110110110
110111000000101001110000011000
000110110101011101000110011010
101111000110101101010100010000
111110101100011100001001010101
101010011100011111110110011001
010001001101101100101110000100
010111110000001000010111101001
101110001011010001100101110110
101101011111110001000101001101
110111111010001001101110000111
100111110000011010010000111001
