111010110011101100011111010110
110111110101101101110001000000
011111110110110100110111101011
011101011101010011011101110001
101001001001000101110000100100
001011011010010111011110010111
001110111100100111000100011101
011001110110011000111011111010
000111111101001010110111111110
101010101101100100010000011001
010000000001100000111000011010
110010101101000000101100110011
110011111001000100010101001001
110010000011001010110110100001
010101110101000110010000100000
110000000010101111110110000110
100111100011001101100100100110
010100010111001001101001010101
001111100110110100111100110000
111000000110010001011011011101
001111100100001110101101111101
010110100010110111101111110011
010110100011001000101110111101
100000011010011000100111101000
010101100010110101100101011110
111100101000110100010001011101
010011101000100101000100011110
010101100001000111110110011000
101000111011110101100010101010
000101101100010110010000111101
