010100000110000110000111100100
110001001000011000000111100010
011011010011010011001000100010
100111001000011010100111001001
101111110000110110010101111110
111101100001010101100000010111
011111100101111001111010011110
010101100110001101010100101100
010010101100110000011111001001
011011100010000110100011001110
000000111100011111101001001001
010111101101101110011010010110
011001111100000001000001110100
100001010111111011000010010111
111100101000110111110110110111
000011110010111111001000110110
110000001101000011000000011000
011111100011011100001000011100
110111100010001001001111110000
111101000000110011010011100101
111101101100100111011111100000
101010110001000111101111100011
100010111001110111001010000010
100101101111111010110111001110
010111111000011100000101011010
100011111110111000100001100001
010110110101111110001110001101
101111000101100011011101000010
101011010001000111001011110101
001000001101110011110010011010
