010001100101001100001000000001
000011110111011101001110100001
010101101001010110011001111110
001010010111010111000000011111
001101010111000100111110101000
110001001011110110010011011100
010100101100101010100011001001
010010010001111101010011100011
011101101011101101000110000100
100111011101101110010111001010
111011111011001000011000011100
000101001010100110011101011100
001000010001010011100101111100
010010000000100011011110000110
110111001110101001100101110010
111010000001111010010100101011
010100001100101101001100001011
011100101110110100110011000000
111111001100110101111110100101
011011011011011001010111010010
001000010011001110111100010011
101110100011001001101111011010
111100010000010110110001111010
101000000000100101001101011111
100000001011010100100110001101
111001011111010000101110100010
000011111010000100100000010111
010101110010000001001000100000
001010101110011111001100111110
100010001101100100010101101011
