111011000010101111110101001000
001100000111100011100001000111
101001110011101110010001101010
000101110011100010101111011110
000000001000010001101100100011
000100111001101000101110011011
110001101101101010101100011111
001100100111011001110000110101
111110101111100101011101100110
000000001000010111111111001001
100001001110011101101000010011
001111110111000101001001011111
011101111000110001101110000010
000100010000111101111011001111
111000111011001000011001010010
000111111111100000000100000001
100100110100101100110101101101
010000011010101000111001000100
110101010101100111110000000011
001000011101011001000000110111
100001110100110110100000001010
111000011000000111010110011100
000100000111001100111101111000
111101111010100010011100001000
110111100010001111011010101010
010111100110011100111100101010
010101011010110010001101000011
110000010010001110000010101110
111011001101110110000000011100
111010010001000101100101000100
