000001000001011111100111000101
111000101101110010010011111110
011110000011101101010010011101
010010101001010110000001101001
100010101101101000110110011001
110010000011101011000010010011
001000110001110011100000000011
111010000101110101100000100001
010000100000100010100101100110
010111100000101010101011011000
100101010100000101101110101110
010100100100101100110101011100
100000001001010011000101100111
001110001011100010011000010001
011111100101100100110110111111
110101000100001000000000100111
101111001101100110010010011001
101111101100110110001001110100
001001110000100011100100110101
010001000011001100001001010000
110000101000100101011100001001
100110001100110110000011111100
011011010000100010101000001011
100111111000001010100011101100
100011110010000101111001010000
010101011010010000111101001010
100010111000100011100110111011
100011000010000111111111000000
001011001111000101101110100101
000111010101000101010100010000
