111101111011110100010110100110
111001111001111110101011010001
110001100001001110101000101010
111100011110001100011011011000
000100101000011101000101010000
010001000110000111010100011100
010001100001101110000110001110
110110100011100001010100110101
001101000110110111001011011110
010100000111000111101110010000
111001101101010100000101001000
110101010011111110010001111100
010000001111011101100001111100
011100011100101001010011001000
111111001000111101110110000100
111111010011010101010001100110
111100001011110001111001110001
100010011001101000010101000101
101011100101010100110000110100
111110111000000010101100010111
110001100010000011001101001100
010111010110001110110111101101
011000100010100011000100011001
110010100010110110000001010011
101010101000110111001010001110
110010110000001001000000110011
011001111110001011110010000000
100101110011011011110101001011
001000111001011101101011011001
110011010110010100101011101111
