000001001110010011011011010001
011001011100111011100111001100
111001011110001110100011011101
110000001000011100000001101100
110011010110001101101111010010
111011100100010000000101010010
001010111000011111101110001110
001010101001001011101111011101
011011100011110000100010011100
001001110111101101010010110000
100000000011100101001111011110
100111111000100101101001010111
001000010011101100100111010001
111100100000110110010101101011
110110110011111011011000111100
100010011010111101001000100000
100011001100101110110100000101
011001001000101001111000101110
000010111101100000100100100000
011110001000011101110000110100
001000001111011011010110100111
011000110111000000011011000110
110110100101001100110111111111
111111110001111110000110010101
101011110011111100111011000000
101101011011001011110011001010
011001100010111110111000111011
100101000010000111110000110101
000101111000110110010010111000
100000100111000111100101111000
