000100101100110011010000000001
111000110010001000111001100001
110110100110001110000100010010
001111010000111101110110111110
110000000001000010110100101011
010101110011001010000101011011
010001010100100111110001101001
100111110001000101100110000111
011001100100010100011110010101
110101011010001110011001010000
101001011010101011110000110001
100100101001001001011110101100
010001101100101010010101011001
011101000111101111110110000100
011001010011011111110110101111
100000101010100110110110111100
001111010010101110001011110011
011000001011111111111001101000
111111000011000001000001100111
001011011010011100101010011100
101000010000110001101011110110
111011111010111111110101000101
001100010010111100100111011110
100001100101100101100101010001
000000010011111011011111010011
001000111001010100101011011010
000001111111101010110110101001
110000011101001101100010111101
001011110110011101100011011111
101110000000110000001010100100
