010000000000000110011111000000
110100011010100001100111001110
101101111000001101110001001011
101010111111000001100111100111
111111000001010101110010011100
100000111000101010000010010001
001011100100011100100100100001
110001100101001101100010000001
110100110101001001001011010001
111110010111110001001000101111
000001111000011010011101001000
101001110100000100100011010011
011100111001000100100010011101
000010000110101101100000110110
101110000101001000001101100001
110100000110000110001011101011
100101111111010100101111011100
010110010101001000010100110101
010001000100101111110011110111
011000110011000000100000111111
011101010011010011010101111010
001101010100011011101011110001
101110001011001010001111110100
000001010011011011001111011110
101011111010000111001001101111
011000001110101111111001010010
000110000101101010000100001001
111000001010100001000000010011
011111110100110001111110000001
010011011111001001100001011110
