001010001100101111001011001011
011111101111011010011000010100
010000111100011010000110001101
010001010111101111101010101001
101001110100011000010100110100
000101110100000000111001111100
111111011100010000101011111010
000110000101101000011101000011
000000111101111111010101011010
001011000111010011001110100011
011001100011010110011000101010
010111010100111011101001010100
100011101100010000110011101101
110011001011101111010111110111
111101101011100000000111011011
101111100000101110100010000000
101001010001011100000001011111
010000110000101101010101011000
100011110000000101110100100111
011011110100101011111101100001
101110000001010101100101000100
110000101010011110100010110001
101110111011001011010001011001
101010101010101110100100000011
010010110001011101001100110011
101101011000111101000111111101
010111010001001101110100011110
000110101000110011101110000011
100101010000111101101000100101
101010100111001101111001000001
