101011000100111011010011101101
110101101101100101110110010011
101101110010111110100101100011
001010111001011001111100000010
100101001000110101111000110011
011011000100000110001001011101
111111001011000000011110011111
011111001000001011101001011100
101011010100111101100101111111
011010010110110100011010111101
001100100110101001111001110100
111010111100111100101001100110
001011111111101110111011100010
001110010111001001101010100100
011111001000111000011000000001
110010101001100101101010111111
101100010111110000010101011011
100010100110111111011010101110
100011110001010111011010100110
101101111111000111001110011111
110110110000101010000000010100
100000101101011110111110000011
101000100111000110111110000011
111101111111111010101101010010
101000111001010000011010000101
001010011110100001011100011100
110101110010001100110001111100
101001100100101000000000000011
011010001110010110010100011110
001111101100001110010000011100
