101010100000000110010100011100
111101110011000000010100111010
100111000010100100001000001011
001011100101111110001000001111
101010001101000011101101100101
011010110010011100110010011001
100001011000111010111011110110
111010011101001000111110111111
011001100110010110111101110010
100011111100001101101110010010
010101011111000000100001100111
011111101010011010011000100010
111111000110101001001110011110
101001011010010100001111001001
111001010100111000100001010011
000110101101000011100010001010
000001100011100000100111101100
110011011101011100000010000101
110110001001100000011011000011
011111000101101111110000010000
111000011100110001010001100111
011101101000101110111010000010
100111111100000111011010011001
110001011100010001101110001110
000000011010100111001100111011
110001111110100111111100000110
100010100101111101110011101011
010011110111111000110101001011
000011001110101111110100011110
110010001000011011000101110011
