011001010010110111110100010100
101110000000001101000101010000
000111000101110100111100010111
010111010101001101011000111000
001100011000000111011001011111
100010001110000111110111101001
111100011111100111101110100111
100100011000010101101000011010
011010101010001101100011110001
011011010110010011001100111111
100010101110111001000101101110
001011011000111000011101100001
000110011110110000001000100010
110011010111101100010100011011
111011110100101000011001111001
010010100000100111101100001001
111000011111100010011010001011
110110111010010111011110000011
100110001000011111111000111000
001100000000001110101011011100
010011001110111001110000000001
001010110100101101001000011001
000111010111110111110000001001
110100101011111000000111100011
000101101101111101000101000011
111000010010010000010100010101
000001001010100000001111101100
110010101100000101100010001011
101110111111100100110100001011
101100100100110011011110100010
