000101101101111001100011001011
110010000000001110000111011100
001111011100111101111101100101
000011100011010111100100110010
111101010010100000001011011110
101110011111010110010100110101
101011011100100100000110000111
100011111011000101111111000010
111100110011101110100010010111
000111011110000110111010000011
101101010010100001010001000001
011111100111011111011010000001
011000000000001011110101101100
001101000000101011110101111010
000010100111011101010010100010
011000000001000110010000011001
111100001110110010101010001010
110100111110000100111011111011
110010000000100001001110110110
111110110010100000110011000010
100110100001111111101010011101
101111000110110010000100111111
000111100000001000010100100000
010110000000000000011100011000
110110101001011011111000101111
010110010010010101001111110010
100001101101011000011011000110
010010101011001101000111100010
000111101111100001110100111110
100101110010111001011010001110
