100111001101101010111110011011
011010101110110010111110101100
111100011011111101010111011110
000101001100011110000110000110
110000000000001001011110010110
000001001000010101011111011100
111000001100000001010001010110
111001000110100101101011111101
011111100111000010001101000010
111100000001001110110110101001
000001111110111101011111100100
110111111101110011000111001010
010101000111101000001110011111
001101100011010000100011001000
001011101001100100111101000001
111100001110011001000010100110
110010010000011010001100111101
111000111101111101110011100101
100110111001101111100001011001
111110010001100101110000010000
111100101001101010100110000010
100110011010111111111111100111
001101101101001110011110110011
001000110110101001101110110100
000111000100100100010101001110
101111000011000011000011100111
110111000100100010111011000100
110110011110010011001010101000
011101001011111001111000001111
010000111000011000001101001000
