001000100100100101110100110100
111100000010101000001000010110
000011111101001100011100001010
010010110001010010101011001010
101000111001110111011011000100
101001011000101110100111111110
011111000010110001101110000001
101010110010111111101100010001
001100000101000010101100000100
010000100111101010010110001110
010000110111001010101100010011
011000010011111100000011001001
100111111101000111000001101111
101110111000000000110111110111
111100001011110100011101101110
010101110100011010010100011010
001100000011000001000000001010
110101000101100001101110011100
001010100101001100011110001001
011011101100000100100010000010
101111110001100101000100010101
001100000101010010010100101110
111010101101001001101110110111
110110011110111110100111111011
101110110011101110101111000101
011001100110111001000011000100
111110100000010000010111010000
001010110110011100000100011110
111111001100011101000001000010
101100010000011000101000101110
