110111100111010011110111010000
010100101110100001111011100111
000011010001101000000100110111
011000010010100010101010011111
100101100001110100110100100100
111101010111111011111000000111
110011011101110100001111000110
011001000111000001000111010011
110010101001110000110010010011
000000110110001110100100010011
010110000111010000001101101100
110101101000010100001001101110
110100110100001010111001111110
011000011011001011111011101100
110111011011000111101110011010
110010001001101100111111001110
001011010111111100110100111101
000010111100010100000001111000
100011100010010011110111100100
000100010010111001011001000100
101101000010000010000111100111
011110001110011111000001011011
001011100010100111011101101000
100000011111010110011001010100
001101000010011000000000001100
000110010101100010100101010100
011001011100101110000001001001
011010011101011001001100011100
010101111000110010110110101101
000010101101011001110100100100
