101011101100111010000101101110
111101010000011110010100000101
101101001111111100000011110110
100011101010111001001110000011
111111010110001101001101100001
110000001110110000100101110101
010111100100101000100001100010
011001001001010100001110010110
011101111000011000110010001100
100110111101001000100011110111
101001110011110000101110010111
110100100100100101010110010101
000000111000010111100011100100
010010001101111111111110010000
111001011101110100100011000001
101110111111011011101011101100
000110101011011101010011101111
011010100000001010000011010011
101110101110110011101000011100
010011101011010011101000101001
101011100011001001001010100000
101100000001001100110010001011
001111000101110110100110000000
111000111111000000000101000110
100000111101101010000011001000
010000110101111101010110011100
001000111011000100000100000100
101010000001111111011101001101
110101101000110010111111110011
011011101000010000010111100111
