110110100011100110100001110111
101010111100100010010010100010
000010011110100101110011011001
011101001011001101010110010110
100111101110101101111111110111
010101110101000110011001101011
011101110110001101011010011010
101000111100101001000110000111
100100111111000001111100011110
011011000011010010110010101001
001110000001000010001111000011
110100101010111110111010001101
101101001000011001111111110010
111101100111010010010101111010
111000101000111111110100110010
111101000101110000110111111111
010010100010000110011001100100
111010101100101010000100010001
000011100000100100111000111111
010011111001101000111101010110
011011010111101011100111011001
110101010001100011000010001011
010011111111111100001011110101
000000101000111111101101010001
100110001001010000111001011010
010101110011100110000011110010
111110001000110000111010001011
011000100010011101001110000111
000001110101101010011110110101
001110111110110011101000001011
