010011010010110000111100101110
101100011110000011001100110101
001100101000100000110001111111
010010100010110000011000000111
001101011111111000010110011111
001111000000100111011100110100
100101101001011001110111010011
000001110110011100000000001010
001100011000001101101010001000
111110000100001010110111101111
110101010000111111110000010011
101100111101010011000001001011
000011011111001101100001010001
001001001110000101000010110010
110100110011001010110010010010
000010000101001000001001111000
111000001011010000101110001111
101001110111010101101010100011
011101000000010001100111010111
011110000100001001100010011001
001010111101010001010111110100
011101100111101011100100001001
111111011101011101110011010011
101100100110110001100110110111
100111101010100000001010001111
110000010010100011001000011010
111001010110011011010100110010
000111000100111110101010001111
010100101011000111001001010100
111100010111001011000001010010
