001000110010001011100001011110
101101100010100000000101000111
001001111010000101100101001010
100000100111110011001100101000
101000110100001111001011000010
110010101101000100000100101001
010000000110010101000000011001
110100011010110110011110001101
000101111100010111111000010101
101011110010110010111110100111
110011010010011100010111010111
100000110011001100011011000100
011101101100101000010101010101
111010001111000111010100111111
111111000100110011110000000100
010101100110010011011011001001
101100010100111111000010111100
100101010111001111001000010111
100100000110100111000001011111
101110110011010111010101011110
011110110101101010111110100001
000001001100111111011001011101
100101110011101011100010111110
010111010010100011000100101110
011100110101100010001011010110
010110000001101111011010011100
111110011001011110000001111011
011110011101001111000010011011
101101010100000101100110011101
000110101110101000100101000011
