100011001000110001111111011010
100111010011010100110100010100
100110101011100100010000000010
010110101101001010110100001000
011001100010010100101000110111
000111101001001110100010000010
100100001110001100010111000010
101000111101100000101110100010
111010100100001100010011011101
011110000101001110111010110101
100111101100001001101111011100
111111101001011110010101010111
110101110111111010011001101011
001000110111000101100110011110
011011011010101010111111101101
010110011000101010111000111011
000101000001010101001000100000
001110111110011100011000100110
011110100001110111110110011101
101000011010100010010000011111
101111111001011000001110011001
100000110100001110100100100111
111100100100111000011110111010
011010101011011101010110101100
001111011111101001011110010010
010010101110100000001010000011
010010101110101110111000001011
110101011101001010111011100101
100001100111101000110101010000
010101101001101011010110000011
