010011010010110001101001111010
111110000110011110011010010100
000111101100000001100010000110
111111111011011100000111000000
101001110000011000000100010100
000111011001001111001100000100
001101100000011000100000010100
111100001000000000010010111000
011011001110101101111000011000
101001011000100100010011001101
000100001011100101010100110100
000011101111111100011110111100
001111011011100010110000100001
000010110111000010101111000101
100011000001001011011001010100
110101100010000010000001100101
001110011101111010010011101001
100110110100000111001001111000
010010110010100100010110100101
101001000000011110000100110100
001101001100000111100001101010
111010110110011110110001101001
000110010100101110010100011011
100111101010000011101100010110
000101110101101111001011001110
110111010001010111001011111101
010101000111001100111101110000
000110111000001001101110010111
011101001101011100011011010010
010010110010100111000010110100
