011011111100000111110110111001
001011010110101010011100100110
110011110011100010010011111101
100100011100100100111010100111
001110010010010001110011100011
101100010110110010010111101000
101101100010110100101100011101
011110011000100000110101011111
100000000000100101110010000001
000001111111110010010111000101
001000101110011111100110011100
001111111111110000011111110010
101010100101111001101111000101
011100111010001110101111000100
011011111011001101001000000011
010100001111000100100010011000
111111100100001101001111001001
010011011010010111000100111000
100000111101110011011000110110
011000110111011001001010010010
110100011100100110111001111001
000011011010101101001011000011
000111001000000001101011001111
010000111101000001100001100001
101001001000100010000000000011
001101011010100011001111001011
001111000111011110011100010001
000000111010111001011101110100
110001110111011100111100000000
010001000110000001111100101010
