011111000001000100000010100010
010010010010001001001000011100
110101111001010101011000100001
100101000010010011101110111110
001100110110111000010100100011
110010111110011101111111011110
011110010011000110011100010101
100010111000100001001000001010
010011111000001101111100010110
101001110000101001011011000000
001101110011010000001111100010
111000101101100010001011101111
111101000001000011100010101001
111100100100000111000001110110
011000111110100011011010001010
100100001101101101111011111001
100001010111111110010101101011
110111010110110000001000011110
000011010000100001010001011010
100011010110101100101001110100
111101110111011111100100101010
111111010100110011010110011111
110110100111101001110000111000
101111110110001111110010001010
100001100111110011000101101100
000000110111001010100011111011
110101111101011000011011101000
101111010010011011011000000111
101001100111110011100001110010
010010001100001111010101011011
