011111101100110000100011101101
111111101010110110010111101100
001001000101000100100011010011
101111001010101011100101100010
101110010011100100000011001111
001100111111110100101001110111
100000010110011010110010100100
001101001001110001100101010001
100100010101111101110010000010
101011111000000100110001111001
110011110011100001110111001100
101111010001000010100110100011
111011010100000100000010100001
010000010011111101101000011010
010010110010001010001100010101
110101111101011110000110101111
110110110110101111111110011011
101101001100001001101101010010
101100101101011100001001011011
100000100111100100110100101111
100011110100100110011011100110
110000111100100110010001011011
001101000001110111001101001100
010011100110011011101001101001
010010011010100110101101111100
100110101100101100101011011000
100001001101101000110110011010
101110010111101001101100010011
000101100101000111011100101110
000111011011001100111100111110
