101000010011111110100010010001
100111111101101011111111001010
011100110110001100110010011001
011001011111110001000101101100
011011110001000001100001000111
011111011001111001010001001110
111101011011011010001100110100
001010001110100001001010010100
000101111110100000011100100000
110000001001010111101010010011
111011110010100000110100011001
111000111111100010101001101001
100010000110111001101100010000
101001110010011000100101111111
011111000010100111101111111001
001001101111110001101000101111
110101101000000000111011111010
110001111100110011000111100001
101111000101100010010010100101
100000001001000110100001110111
000100111000010111110000000110
110111001001101100010111100001
011110011111011001100111000111
101000001001100010001110100011
011011111111111010001111101001
010111000000110101100001110111
101101111011010011111110101100
101110001111000101000010000100
011111010100011011011000000100
010100100001111101100100000101
