000001011101011000101000011110
011111100110111011100100010001
000010011101001110001101101100
111010111101000000010111010000
100101011101110101000101001110
000010101010001010110101111010
000011111001111111110010001011
001011010000111011001010100001
110101100001111001110010110010
001000100111010011101000111111
011111110000110100001110110010
000010000000110011011110111100
100100000010000010111101110001
111000010101111110100110001110
101110010000100011110110001111
001011001000111101000101101010
101110101001110011111010001001
010001011010101100101001011010
110001111011100000110100111010
000100101011001101111000100100
111110010111000110111101001101
111111010110100001001011110100
010010110010010101000100010001
111011000010001000101110101111
001110100100110010110001101110
110110110100001000011010111110
001001110000001011111001101110
011100101111100001001011000100
110011101100110010111111001110
001100001001010110100000110000
