000011001000111010100011101000
001000011110000011101011011101
100001111010111110000110111011
010010101011010001110001000000
111011101001000001100000011010
111100101001011010110011010100
111110101011111000111100101001
001011010001101101010000110111
010111100110010001010100101001
110000111111100101011101110100
101001000110100100001011000000
110110100100000010000001010100
001010111011000101101101001000
001100001001101010000110100001
010111001101111010001011001100
011010010111000101100011001010
010010001011010000000001101100
010001101000001101001000101101
000011000000000100111001111100
101011010010000111110100010101
011101000110100001001001100111
010011110001000001011110110100
110111101010011000100110100001
111100110001100100100110000011
011000010111111110100111111001
000010111101000001010001111000
110000110101100000010101111010
110001001000000001101000011111
011011011100001010011100111001
000011001111110111010111111010
