010111100111111000100111011111
111010000000111110011011111011
000110010101010010010000011101
001101100010001010100000100000
111101100101011101001101011010
100011011101000000101000000001
111101101100100110101110110010
101001101110011011101101010111
000010100110011011110010000110
110111001010001010000010111010
101000001101010010110001110010
111011011000001111110000011010
100011010011100010001011000000
000001110001101111100000001010
111000000110010010111001000110
000110001000111110101100001110
001111110001110100010011110010
010010110001001100101011100111
110001111001101100101001101110
010100111010100110111011110010
111111101010100001011000001011
010110101110001000101110111110
111011000111100100011011110000
001010111011100010111010000110
001110111111100000010010010000
011011111001010110100010010101
011000001001101001010101011010
010100101100001000001110010101
111011010011010001010011100110
101110001000010101011010010000
