000011001010100010011100010000
110110011111001010110101100110
111001000000001001001001011000
100111011100010110000001100111
111100011010001100011111000011
111000001001010100011001110111
011000100011010111110101111010
101100011011001111101110100111
011110011110011110010010000100
000000011100110100010000001110
110100001001100100010110001010
110010101011100011110101111100
100100001011101101001010000111
101011001010001010010001011110
111101100010010111100101101111
100000111101100110100111010110
000001011100101011001001010110
011111101010000110000000001110
101100101011111010010110111100
010101111100100011010101010001
000100111101011100010001011110
011100011001100010100111100011
100101101100111100111000001111
011011001000111111100111110100
111011000011101000011011000111
000011011111000011101111110000
111100000111110001001000000001
100100011001010100001001010011
010100111111110101100110101011
110100100000101010110010000000
