110100110110010000001001001000
010101100101001101010011110000
101010100010001111001111100000
000101100101000110101010011011
001111000010110110000100110001
010001110100100100011101010110
111110001110100001100001000001
001011110100101001011100111001
001010011001000110011001000000
001011010110101001101010001101
010101100100101101110101100010
000011100110011000000010110100
000001110110111011101101110100
101001000110111101111001010001
101101101010000110111000101010
000001101101000010001010011111
111011011101001100001101100011
000000000010010101101110100101
000001000110010011100010110111
000010010110100010001101011001
011100011101000100101000110000
110001001010100100100110000111
111000111001000001000111110110
100110011011111100001011111111
000010010000000101000001100100
100111101010000101010011010100
100100101110111011110011100001
011111000001110110010011100001
010010011010000111001110011111
101011000101111001001110110100
