101010011110001100100101010011
110100101110001101100101011001
110001010111100001100100111110
001101011001001011110110111101
010111011000100010110110010100
010000001101110101100000010010
100110010011101101000001110100
110101101010010001101110000011
010011101110111010100100101011
111101011111100000111101011010
010001111110001000010010100000
101010000010100101010111000010
101101001010000001101100110001
011110100110011101001100101100
010101001111100011000111001111
101100011110001001111110110100
011000001110011001011010001101
001100010011010101111011101101
001111110110101111111001100110
000011101010011100001000111101
010111111000101111101101010010
110111000100100110001010001011
111011101111110110100111101110
101101101101101001001100110100
011100001100111111010101010100
011110111001111010001010010010
101111101110110101010010111000
000110010010000001001111011000
011000001110011000100000100101
001101000101011000000000101101
