010010000100001111100111000100
100010100111010111001100011111
000000100011111010001101001010
010101111111100000000111100100
100110010100101111010110111100
011110100101001011100011001001
001100011000100011100100001011
001101010110111010111111011010
110000000000100001101101001000
111111001110011101000011001011
001010101011011010010110000110
100010011011110111110100110001
000001010001100010000010000000
101111011011011010011011101110
000011110100001110101101001000
011111111101000010010101111111
110010000110101000000011110101
100111011110011001110101101111
000011001111000011010111110111
110010111100001010100111001100
000101010011100001100110011011
100100011101110110001001100000
100000100100011001001001101100
111110100101011111100101010101
101110110111010101000011000100
011011000101001101001111011101
110011011100101010011101011001
110000101000101001000101101101
000000011101000000011000011000
110001111100010111111010111010
