110101111101100110101001101100
010000010001101100000010000100
111011111011001011000100001010
110011010101010001101010100100
010010101011110001101100010011
101111100000010011010101010101
110001011001010000010000100110
001001100011110100100111011111
110001000001010010100100111101
110111110111010100110010011000
110100100000100000110011011010
010000000001011110111000011010
111010101001011111101100111100
001100100001011001100011101110
010001011010111001110011010111
100000110101000100000110001101
000101101010101000001010000101
101010000011101101100100001010
100000010100010111000011000001
100000111001000100110000000100
011101111100110011001101011101
010001101111010100011101101010
010000000101001111011010111101
011000010111110011010110011001
100100111111101010110001011000
111001001111000001101111010001
111100001111010001010100101011
010000100100101110100100101100
001100101101011011110100110001
101100010111111110001000000000
