000001110110011011100001100001
010011010001000111000001111110
111000010111101001111111000111
111100001100100111010010010100
000011110111111101011111101000
010010010101111000100000100111
100111011111101101010010111011
001100101111011101111000101000
000001000010111001000001000110
001100110100100101111101000001
011111000111111110001111011010
010101100001110011101100000000
110111010110001001110101011100
001011101000011010000101001001
101011000000110100011000001010
011001100110111100101100111110
010111000001011100011011011100
001000011001001011101011111101
111100101011001010110100110011
011011000101001110011100100001
000110011000110111101000110111
001010110011110000101100001101
100011100010000110011111001110
110000101000011110011100001100
100100110010110011111111111111
011101110100101110011000010110
011010110011011101101001110000
110011111101001010111110000001
100010111111111111111101011101
100000010111010000111111111011
