100001100000010000100000010001
001110110000111010001101101010
100101111001010011011011100111
000000100111101101101100100110
100001101011001110110101100001
010010010001101100100111011110
101011011000100111010101101011
000111001110001001111111000001
100000000011110100010001101101
110110101001100100010000011001
111011011001011010000001101101
110010111100111101111001100001
011110100000110110000101101111
001110000011100110001100101111
110110010101111000100001011110
100001100010011110111100011010
001010000100111110010100011010
110111010010000111100110000111
000001111100111001100011001010
011010001011010010001110011101
100001110101011110110111110010
010011101011110000010000111111
011110010111001010100110100011
010010001101100010010001011010
101100011111110101100110100001
100000010010101000100111101100
111110110110101110000100110100
001111010100011001010100100110
000000000111010000110100111010
000001111110001000000110101011
