100100101111011010101111101111
111010011101110011110111000010
110011001101000011110110110010
000100011111100011110110111011
011110011000011110000100110011
110011101111011100110110010100
001111101000111100001001111110
000111011111010101101110010010
100001001101000000111110101100
110010110101110011111111010100
010111001000100000111011011101
000110101010010000111011001110
010011100000010000011010111111
110100100011101101101001011100
000110011101100110110110010001
100101001000000110100011011010
001100010100010111101011111111
001010100000111110110010001000
011011011000001101111101101011
100001101111110001110110000000
100101011111111011111111001000
101101010111010111111110100110
100000101010100110101001010100
101100101100011001100110010110
101010111100000010110011111000
111010111010000100110111100110
010010010100101101101100100110
000110010111110000011010001010
010000100010101111001000010100
011111000110011100011000000111
