001001000000001100111110010100
000110001111101101111001100101
101111100101111000111000011111
001100110010011111110111011110
100010010001010111111001010110
101000100101001100100100101101
001011110010000110010110101101
010101011011000111010001001101
100000011011001001010001011100
110111001001111111010100010101
101001101100011001001010101110
100000001111110011001111011100
111010111101101111110100010110
110000011101011101111000111111
100011010010110001110010010010
000111110111001001011100011100
111001011100010101100011010000
100010010010110100110011110011
101011000001101010011000010011
111011001001000011011100111100
100101110110101011110111110011
100110010011111010011011000000
011011100101110000011010001011
101110110100000011111011111100
111010100000001101100100111100
101001100000011011101100111010
100101110100111110011000111111
111110010000100101100100100111
101011001011110101101111110100
010010010100010010011010011010
