100011010000000100010000011101
000000000110010011101100011011
011000011001110111101110100100
101011111000101111001111010111
000000001010100000110100111001
111110000001101110100111110001
111100010001001010010111011110
001111110101101001100111000101
001001011011010011111110011000
111110101010011010101110001101
110000010000100011101100011101
011011101101011000011011001110
111001101110101110101101000101
011010110101100011110110000001
010111001000100001010000111101
100001011100011000011101101111
100101000000010001011010101010
111111001111000001100011111111
110100011001010101001010011010
010001000111110100001001110001
000101001011100110101100100010
111010101110111010110100010011
111110100111000000111111001100
011100110010011010011110001100
001001011111000011110110100011
111000100110000101111100101101
111111000111101100010100110101
111110110011011101000101001011
000100101010011000110010000010
111101010110001111010111001011
