101100000100101010011110000110
001010101000011110110011100001
010001101101111010010100010010
111110101110000110001100000110
101100110110111011001011011010
000100111000101111100000100000
100110000101011001111100001101
101101111101011100101001011011
111101001010101000101100110010
101101000111110111000010010100
010101010000010011001100001110
000000101000111011001011100010
111000010010000110010011000100
001110111111110111110010001010
100111101001100010010111010111
101110101101100010100111001100
101001011010111101111011111110
111010011001110100001000110111
110001111100110110100101111101
101001011101011101011100110111
000001000011100101011110001000
000011111001111100000100000011
001011000010100100100001010101
011101011011010111110011010000
010010000101100101010111011000
010101100111011011000111011101
011011101000111001110111011100
110001110100101000001011101001
101110011011001100100111001101
010010000000101010010011000000
