110011100010111110100111001001
001100000101100001100001110100
001000111011001000101111100010
001100011001000111111001111100
101110110000111101010111000100
110101110110010110111001100100
001010110101011011001011110000
111110011000111010100111010110
111101001001101111011100101101
111000001010101010010100011100
010110001110001001000110101000
110111101100110111100001000001
100100101011010100100100010111
010100000011011011100100111010
101010111110100001000101001111
001110000111001110110001001100
001110111111111001011000100001
011000111110100111000010001001
001101101000110100101110010101
110010011101011111110010001000
110001011011100111110111100101
100011011110100100011101111000
001111111000101001010101100100
000111101100010010001100011101
010110101000011110111111010101
001110110010011101100001110110
111100011010001100110101010111
001010001000110011101010101000
011101000001100111011001110011
000011010100010011011010001111
