000001111110111000110111110011
010100010101110011011010111000
010011001110000010011010111111
000101111011011010001110001100
011011010000010110101100000000
100000101111111100111011111110
011000001100111100111110011010
101101010010110101101110100011
111001110011000010010010001000
111111001011011000110111011000
100011110100101010111011111110
111000111011010010100011001010
110001101011011010011110110100
111101110011001000000110111111
011001111000110110100000001010
000001100101001111101110100100
101011110010001111110011011001
110110000110010110011101001010
010011111001011000111101001100
100101010010011011010001100101
101010100100110101101011011011
001001011110010101001001111011
101111000000110011100110111011
011010011010110010100110011100
001001101000101100001101110110
011001101011101001010010100000
000001000111101110110111001111
000111100111100001010011110101
010101010001100111101011001110
011001100111100110101010001110
