010011001100110011101100001100
100000000111000110111010001101
111000101010101101010010010010
101100000001100010100000111111
000100011100111001110100001000
101001111110110100000100100111
101110011000001100000111001011
100011001001101111010011011100
010110111111000010010111110100
101101110000000010101001101101
100100101100111110101011011101
011111101111001001011101110110
110001101101100000110111010111
100011100010000110001111010110
010100111011101010010100000000
110010000101011001101110100010
011011010011111001001010110100
111001101011011001011111000001
010100101101100010010000000101
100100110100101010001100010100
011101110001110101100110101100
100111100001111100000111000000
000110011001110010011101010110
111111011101011100010100001001
110101111110010010110100110100
101000001000011100100000000001
100100011100011101101111010100
111100011000110011011010110100
101111100100101001100111111001
101011010101010000011110110000
