000010101100000011110000011000
011111100001001111100100110010
001000001110011100010101001011
110010010000111111101000110000
010011101100011000010101010001
100000011110010100000101100001
010110100101001110110001110111
010001001101000100001010011100
110110010010010011001001011010
110000011001111100110010100001
111100111110000000100001011111
100101101110100010101001011000
101101001100011110100100100010
001001011000001100000111111010
010100111101000001100000011110
111101100110101000111010000011
101100010111101001010101110110
111100011101000000001000001100
101010100000111011000010000101
110100000101001010111000011011
101011110110110111110010001100
111111000100011100111100110000
111000100110000000000011010111
110001011010001000111100000101
001001100110010010000110000001
010000101001001001011100001111
101011001000100111000110101111
000000111101001011111000000100
100110000100110100011110001100
001111000100001110011000001110
