010111011111101101101101111100
101101111101111011100010001101
110000110111001100100010101001
010111001000000011100010010001
111001110001100100100101010000
110000111000010010101010111111
010110011011011101010100100100
010011001011010111010111001010
011010011100010010011010110110
000110101001011100100001001100
101011110101011000000101110101
111111100111001100111101101010
100011011011100101110011011111
100111100000111110110011000000
110110111101000110001101000001
011000011101100111101100011000
101000111100101011101011000101
011011010000011111110100111111
111011101010111101101010001010
101001101011101100111100110001
101011001101111001110010010001
100001001110011101000111001100
000011011011111110001001100000
100000001101011000101000111111
011001001101101110000111111110
110111110110000010110110011101
000000010010001100001001001010
100000111001011101011001110001
110101101001010011111011111110
011010000001111010010101100111
