010010000000011000100001101010
011110000011111111010010011010
111110010011111101011111101101
000100111100001110110101000011
100000010000110111111010101000
000000011110000010000000001000
101100010001000101110111100111
010010101000101000110000100101
000101000100111111000101000100
000000000010100010100100010110
010100010000010111011011001110
101101100001011110010111001111
010100010111111010011111000101
110001011110101111000001010000
111011001011011100011101010101
011101100010010100010000111111
011010010110000110101101111100
000011011000101010000001111111
101011110110000001011101000011
000110011011111110111110001001
001111011110001000001010101000
011001000001111010111011100000
101001000011001001101011101110
110001111110011010010000111111
110010001100000001100101111010
010010111100011111000111000000
100110111101101100100011110100
011110111111010001010000000100
101111010100000100010101011111
011101001000110100111000111101
