000011111001101000010010000111
001001001101010000001110110011
010001010101101010111010010101
111101001000011010000011011100
011111010111010000010101000101
011111010110010100111000110000
011110101000100110110011001011
011100101000110001000101100010
000101111010100110100111010101
101010100010110010000111011011
100001100101001000101110101011
111001101111100000010011010111
111011110010100011111011101101
111001001111010111110001100111
010011110011000100011010100011
101011110000101011010111100001
110101001101100100010000111001
111011101000001000110000001010
111011111101100001100010001101
111111000011101000011010001010
110011110100100110110000000010
001001101001011000011000000000
001001101010010111100100010001
011001100000000101101001111111
101111011010111010000100111111
010000010101011110001111010101
000001011001010001101111110101
111000010110000001011011110110
001101010110100001000100011011
011100010111100011100011011111
