100000101010011110010101101010
100001011111100010110110000100
010100010100100010001111110110
101101000000111100000111000110
011000000000000001100101101010
001001111100000101001010101011
011011011010101111100011101100
011011010100001101101100111010
000001110001000000101010011010
001000100011001011011110010101
111000111001010111000010101000
110111100000001010111001001101
111000011111000100110100010011
101110111101011111011000100001
001101011110011111100100011100
001100011000101101001110000101
110111111101111100010001000000
101101110010100100010101100110
011100001000000111101100100010
101001011100110011000100001101
001111101101000010011011101110
110000101001111100000010000111
010100101100011100111101000001
111111010010100101010000111000
101110111011110111000110111110
101110001001001111000001010010
110010100101111110000000111000
101011001000000111110100111101
110011010111010100010100011001
010000010001000011111011010001
