101101010111111011010111000011
110000001000110101110101001011
010011011001011101101010000111
010011010001111111010111001010
101111100101000000110001010100
111000001110001100010001100001
110001100011000110010011011110
101111101010001110111011101110
110110110100011011010101100011
000000001010010101101110111100
000011001110000010111011001011
111011110101011001000111000110
111001100111101101111011111000
100111100111100010111010101110
100110011110011001000010011110
000101110011011000100100111111
011111001011110110110011101110
001000001101110010100101000101
010111000010000011011111000010
010111111011011101000000011101
011111110101110111010111111001
010110010101111001000000111011
001100011110000010000110100010
001100011000010101110000000101
111111100110100101001010011011
001010010111000100100111111110
011111101011110000110100000111
111111111101101001100011111011
101010111001110001000001001001
101010000001110101001100011000
