111100000101101100010011110111
110000000011011101111000011011
010011010110010111001011100100
001110110101101100011000100100
000011101001001011110101100111
011001111011000001110001000110
110111111000101001000001011001
011010111110001000110111001111
101011100000111111010101010101
000111110110111000110001001011
101001010100111001001101100011
010011110100011001011011100001
011010100000011100111011111000
101110011100100000100110110111
110100010111111001001000111001
001010110100001111011100001101
100110110011011000001001111101
100000000111000110001101010110
000101101001010010101101110001
101000000000010001010001111001
001100000000001100110010100101
001100010000101101001110001010
100110101000000111111000000011
011011101010001001000111111011
111001011001110110111010000100
101001010001101101000100101010
100011111111110000011110111100
111100010110101110010011011100
100011010111000101101011110010
011111101101111110011100001011
