000001000100011111110010001010
100001010110101001000011111001
101100001001010110010100011100
011000011011110000111010111101
110010111101011001011101111100
101010100000101111101011101110
100001000011110001110000010000
101000000101011111111110111110
000000100100100010100011000110
000111000010011010000010000010
000011001010001110000111111100
101011100011100110110101101101
111110011111000001100010110100
110101100011011001100101010110
111010111110010101011010000000
100100100010001011111000010111
010011000010101011110000100010
000101110101000101001110100110
101110010011001010001011111010
101011011010111101100111111010
010111010110011110100010111011
001001001010000111000001110110
011101110000011000001110101011
101101110001101001011101000011
010101010011011110101011000000
001110000101111100100111100100
000001111101100100110000011110
111010011101000101110001101010
110101111011001011110111001001
101011001011110100110011101100
