101001100101000100010101001101
001010100101111010000110110100
110100110011001010001110110100
100010101011011100000001101000
001001011111110000100110001010
010010110011100001010110100001
010110100110111001100011101011
100001010001001111111100111101
000111001111110011001000001101
011000110001001101101101101100
010101000110000011100011011010
001111101000111111111100110111
000010001100101110001001010111
100010000100101000111110110011
001101100011001000011100010001
101001110010000100110100110101
101001101011110011010011111110
111110011100001000001110100000
001111100111111000000011100010
101100101010011011110110111110
101101000010001011011000110100
011000101010110001111010111110
001111010111110111100100010101
000010110000001101001111100001
010111000000100110110001011010
010010111010110000000111010000
111110101111010010010000001101
001110010000011011111101010101
111110111110000001100001001011
011001100110010100100001110100
