010101101111001111000110011001
100011100111001000000011111001
001011000001010000111011001101
101100100010100100111110110000
100111011011001001100001011001
100001110111101111000001010011
011011000001001001000000111101
011010011111010110011100001111
110010111110111010110011010000
111001101010101110011111010101
000001001010110101010110111000
011010001000001001011101011101
001010000101110011100000110001
101000000110101110100001111010
011111110110100001010010010101
000110001001111111101011111101
001100110010101100001011100010
001100111011101100111000111001
000110000001101100110010001011
010010110100001111001011110000
010110010001010010000101011100
010000011011100111101010101110
001001010101001100010101111101
000111111000111000001100111100
010011110111111011010010000111
111001110000100001110010000011
011100101111101111110101000001
100101100110101100101100101101
001000010111101111101011101001
001100110110111111000111110110
