010111000000110000010011101111
111000010000110111110010000110
101001110001110010110011001011
000001101111000110000010111111
111100010001111110000110001000
101111011101011110010000011011
000001000010111101110000010001
101100011010100010110100100010
111001000100101011111001011110
000100000110001111011010100111
001100010010101100111101000110
011101100100011011111010100001
101111101011000001100110010101
000110111100000111011100110111
011101010110111110110101110100
100000100010101011001000110111
101100010001110111100000010110
010101110011001001101011010001
111100110111011100000111000011
011111111111001111110010110011
101001001100011001100101011000
110001010111100001010111101110
010011001111001110110001010111
000010101010110000100111100000
110111111000100010001110101101
011101010001011111111100011011
101001110101010110101101011011
001100110111111101101000100110
011000011001010000001011101000
001111100000110000010100001001
