100111001001100001101010110000
001111010000011000011011011111
010101100000000101000011111100
011000011010100001110011000100
001011100010011110001001100111
101100001111000011011100100110
000101010100010001111111000010
001110011101000110101101110110
000101101011011010010000011000
100010101010000111110101100100
101000110001110110101000001101
000111110100010011101110111111
000000010110111011110010110001
110001110000011111001001010100
100010011110110011101010001011
101001011010010101100100101010
000111101011001011000110001010
011101110011001001000000010101
110101001010111111111111011100
100111101011101011101101001100
001101111100010001100011010110
001010010110011110111110100101
010001000111101010100010010001
110001111111100000111000010000
010000101010100101100110000110
011100010010011101000111111000
100011100000010010000000001100
000000110111001000001111110110
101011000011001111111110110100
000101101001101000011000000001
