101101000101111001101100111010
101000011111000000101011000000
010110110000101111011101010101
100000000110010110000000111111
010010010101011010000011011111
000111000110101010111010001010
000111011010011101000000010010
001000011010110101101110101011
001101110010001011101111011010
010000010001001100001110001100
010101000010001101110110001010
000011101000101110101011110010
010001001100001100011001111001
001011011001011010001001101110
000000001111111101100000001101
110101001001011011000110110010
101011010101101101001010011001
001110110010000110100011011110
010101011001110000100100110011
011001010100001001101001101100
111010010001000010000011000011
001101101101001011111011111100
010100000101110100100000011100
011111100101010101110001110010
100010011101011111011001101000
101010110111110001110100110100
111100111010011011101011000111
101101010010110101000001011101
111111001010111001101110101011
110000001010101100101001110010
