010100100010110011100011111100
010001001111001010001010010100
100111100000111010101101000111
100111001001110100100000100111
011001001110101011001111110011
100011100001011101011101110011
000000010001110111111101001110
010001011110011010001100111110
011111100000001000101110100000
101100100100101001010101010010
110111101000111100000111010110
111100000111110100000111101100
111101111010001101001001001011
001010001100001101101001011110
110010001001011010101111100000
011001110101000101100100110000
000001100101110111000011010000
010011101011010100010101010010
101110101011011001000111010001
010110110110110111100001001110
100111011101011001111110110010
100010001111010111110011100010
101111111111111101100101110101
000000000010110110101001110110
101000010100001011000100111110
101010111100100101001011101100
100000010001110000000100111000
110001110110111000101011011011
110110000111110111010101101100
011010011100101110000111101110
