110001111011000000001100111101
011011011011110101010011100110
000000010110010100001101110011
001111111111100001100100011001
010110010101001111100010000001
000110111010011010010010101000
010100100011110010110111000000
110101100101000101111011111000
100001111000111110001101000101
010010110111100110010011101001
010110011001100000100110011010
010111101110010100000001111011
001100010111101111110011001010
011000110101101001110100100010
101010111101001110010010110000
101011010000001001101000011001
101001101010111101001010110101
010010101011111011010101110010
100010100000110010010101001100
010100100000000000111101010101
000000101110000100010000010111
100101010110010011110111111110
100010100100111111101111100010
011111111110111010101110110010
101010001100001010000101111101
100001110101011100101110000110
110111010011111010111011110010
101011111111111111100011011101
110011011101100110011010100100
101001100101010010110101010010
