000110101000010111110100010011
011001000110110000000110101011
011111110110111010000100001110
101011100101001111101000010100
001011100110011010111101001011
101111000101110101111111011000
111111110100000111101100011000
111111000101001100000111010000
010110000010001001000101101111
100001110001000101101111011110
111001101010000101001101101110
000010010000110111000100000100
100110100011110010100100001111
010011100111011010101011000100
010101101111000110101011110111
010100111100000110010011011100
100100010010000000110011011011
101111000011101010011001101010
100111000010000110101100101011
010000011001001100100010010010
110111110010001010100100001000
110101000001110100010100101110
000000100110011101100000001000
110111101100010010000101110111
110011110110000010011011100010
011000101011100110000001011000
110000000111110011111001010110
101100010010011000110011000100
000000110011010110001010101100
110010001110111010110100010111
