101010011000011011100110010101
011000011000110010010110110111
110110010011010111001111111000
001110100001010001111001000001
001001110111011010110110011000
001010010100110000010011010100
111100110111101101110100101010
101111011100100001110101101010
110101010000110110100000010000
010010010000110011010110111101
000001111011100000011001001111
010000100111111111110111100110
101110111010011101101111011101
100111001101010010111010100100
101000111010101010001111010011
001110100111001011001101010001
100110010100100111111000111110
011000000111011001110110111111
101000010110011011110111100011
000111011101111100000011010001
101111000001010101001000011011
011110011111110101111001111011
011011001111000111100101000011
110010111000100110100100000000
100100001100010011010011000110
001000110000011011001010001010
011101011101010011000000110000
010010001111101110000101101011
111110000100011010000100011100
110111111011001011111101011000
