011110011110111111101000000001
100101111000100001101010100110
001001000101000101101000100010
111011010001100010101000100011
001111111101010110100011001100
000001011110001101100110001010
001101111001010101100101111011
011100101001111111100110001100
011011000111001100001101000110
010111001000001001101101100110
010000000111000111001110100111
011110000001101001110111101010
101000011001010011100111010000
111101101011100101111111110100
010010110010001011110011001110
001101100010000011110110110100
010001010010000001111110110011
111010001000110100100101100110
101000011000001010110001100100
100110001011010110011100101110
100010001001001110001110010000
111111001111101000101001010100
101111010000010011101111100010
111011001011001101100110011000
110001010101100100110101101010
100011111101111111001111110010
110110001000000010000001110101
101011100001000111111100000100
000011001000110011101110011100
000000000100011111100011100111
