100101101110011110110100110001
111110111100100110100110001101
101101001000001001001000110011
000111010101100010100001101100
100100100001111001100110000010
110001010111110111011111111100
101111100001111001001000011100
100010101110100110100001000001
010001111100110001101101011111
100111011010110001010110110000
100000011100110100000101110011
010100100110001011011011001010
101010001111111110110101101011
010000000011011100011110110000
001100110010000100100001110000
001001011101110000011001001000
110000110111101101101100010011
101100110110101001010001001011
011111011101110110110000000000
011011000011011111001111010111
010111010111001101010000110010
011100111110000100010110001100
010000111011100001111001110011
111000011110111000111101101011
001100110101011010010000100101
000101100010100000000001111100
100010101010001100010110101011
101101010111100000111101001000
010101000001101011000111001000
110110000011100111011100000011
