000111110110010100110110001100
100111101000001101010000000110
010111000010101010101001101101
110001101100110100100010011101
111000000001111110111010000111
001101000110110111100011010110
010000110001000100011000110111
111101110010001001100011011111
111000000100111100001011101000
110010100110101000011111111101
111011110011111011001001100010
011111111001110010000000000011
101000111100000100000010001100
100111001010111110101001110110
111101010000111011001110110011
101000100000010000100010111111
010001110001000111010110101000
110101101101000111010000110100
101011101110000111010100101110
100111011000111000111101001101
111110001110101010001001000100
010100011010100101001100100000
101100100100111110000011001100
001101000000010011110011110110
110011001011100010110010001111
100111100111101011001010101011
000101101110001110110111101001
000111000111100000101000101100
111110101100011110111001101001
010100001001100010100110000000
