101100101001101010000011011111
110001111110011100011010110000
001000010111111110101001100010
001101010001110100110100101000
100110001011000010010101001011
110110010101010010011010010000
001011111110001101000010111011
100101101111011001001111011100
100011010010010111111110110000
000110000011110101000001001011
011111000101011000011010111000
100011010111010100101110110111
001011000000001011100101001101
000011010010100001110011010001
100111011101101000011011011011
111101110010110000100010010111
010010000110011010011011000101
011101011001110111000110011000
101010111110000010000100000101
000101001010000110001100110110
101110110010010000001010111010
111011110011100010011001011011
110010111010011001100100000000
100101001101001111100111010110
111001110111010010100110001101
101000011111010011101000111000
011100111001001010111011000100
000011010110111110000101111101
011010010111001111010001101011
011011100100110011111010010101
