000101100101011010001100010110
011110010000000101000111000111
111010011011110010011010011010
111011011001011110011001010110
000101001101101101101111011000
110000101011111110000010110111
110110100101001101010010100000
110010110101010100100101101011
000101000110001111010110000011
001001100100011000010011011000
100011000110000111000111111100
110110111000011011100111101111
100100110011000101100100011010
001011100100100001001110110111
100110010000010000110011011011
011011100111111100111001000011
010001111001000001101001001000
000000000000111101110000010001
000010010001010100110110000000
010010110100011010110000010101
100101010011001001010110001001
011111011111110001100100100001
101101010011001101111011100011
011001000000111101110101010011
101100000111000110100101000111
111000010100101000000100000011
101010011010010000000111111011
001111100111000000111111000110
111110100101111011101000000111
100001101111000000010010011100
