011100101010100100010101101101
111001001000001001111101011001
101000111100000000011000001001
011001011100001010000101000011
100001001111100000111111111000
101111000010100111011110101101
110101001010000101100011111001
101001111011111000011110111011
101111010011011101101111110110
011010001101110100011110100111
000111101101110101111010111001
010100101000001110111101110011
101110000111000010011000101100
100011100001100000111010111001
001101101111100001010110100101
101111100101101110110100110100
000011000110110001010010010011
101100101001000001110001100111
001011101000110101001110110001
100110111010101001100010100110
100100011001010100101111111001
000100001111111010100011111011
110001000110111111111010101100
110111001010001001010111110011
101010010110001010011010100110
000111001110110011001000001010
101100011000111111010000001000
100010101100011010100111011001
100100110000001011000010111101
110011000111110100011100100010
