110010111010100000100001111111
100000100100100001110001101111
011000001111100010110110110010
101101110010001111000101111000
101101110111101011111011001000
111100001100000110010011110111
010000001000000010010011111100
001011011110010000101110111011
101100001100100000011100110010
010001110100001110010011011101
100110001100010101011110110011
110111101010000110101110110110
110100010101000111011100001010
100001000110101100110000110000
110000100101100000011010011010
001011011011010011101100001101
001101101110110111000011011110
111101100111101010110111011100
101100101100101010110010011000
011010010110011110111000100001
110010000000011001001000000001
101011000010010110010001110011
011010000001100101010100011010
010100001010101111011000110111
101011001001110100110111111111
011111011101000001101111001000
110011100110000010000110111111
010100111010001001101101000010
010100011110000100001001010101
111000001101011010110011100101
