101001000110001000110111010111
101011101010001100011111100111
101011010100001111110001101000
101001001000001010101000111011
000100000001110011100110110110
111010010000001100110000011101
000011010001010110001100110110
101001100011011000011111100101
000010101111100100111011011000
110101011101000000111100001101
001010011000100100000001101100
011110100010100010111100101101
101100001110110001100000100011
000100000110100110001100110100
010101010011001010100000101110
010011010011100101110110010100
101101011110111100111111110100
001000010010101100110010001111
101010000111100001010001100110
001110100000100111101110110011
010000101110111110000010101010
000011110001001010000001011111
110110101011101111000101100010
000010010011001000011101110110
111001111111111110101110101111
111101101000001100001101000010
011001100011000111010100001001
000011101100110001111001011100
110011011010111000010001100011
000011110000011101010000100000
