001101110010111110111110011101
110100110101110111111001001100
010001110100000010010001000111
010110111000011000011000111101
010001111011011011010011010001
110011011000011101000001111111
000101010000000000001111001111
100110101111000010110001110000
010101100110110010100110010010
100100101100000111001011100101
101111111110101111101000100001
101010010110011101001100110010
011011111110110000101010000110
010011100000110110110110011101
011000011000000111001110100011
011000101000011111010010111010
110110001001000001010000001110
011101100100001001101011110011
101110111110001010101011011011
010001000110110010011010000111
111010111011010011001010100111
011110010000100100001011010000
001001111000010101100100001001
100000110110001000111111110011
000011101101000001100111111101
001010111000001011011000110110
111010010000100010001111100001
110111110001111011010101001110
010010110011010101010110010000
110001011001011100101101010000
