111001100011000110101010010101
100100011001001111001100101110
011100101010001101110011011010
111101001110110100101101011100
001001110101101101110110110110
101111010011100010100010010010
110010110111100011010010011111
100000001011101010101100101111
101011000001111011010100110100
101001000011101011011101010101
100001011110000110000001110001
100110110010011110110111001010
101000011100101000101011110010
011110001001110011101110101100
011011110001110000001001000001
100110111110101001100110001011
111001111001000001000101010100
110001000111000100000000000000
001001110011000010100100000010
111111101100111101011010110110
111001101101100111010001111111
100101100001101000101100110010
101111001001100000011010101010
100101010101101010100110000111
101011111010101100101001101001
110011110000110111111000000100
001111100111100111100100010000
001010001000110100110001110100
110101000010010011110100111000
000101101111111101010110010011
