101100000101000110010111111100
111110000011010100111101010010
001001101011000010101010011010
100011001100101100111010001000
100000100010111110010000100000
111101010011000101111001011100
111001111100111111101010101000
000101011000010000101011000111
101101010011100111100100001010
111001100100001001000000001001
101110110001100001100000101001
001101011100001110001111011011
110100000101111001010110001110
011100001011000111011110000011
001111001111011011111001001000
111100101000011101011110100100
111001011010101000010011110110
011100011110111001110010001001
101100101010011100011100100000
111101011100000011100101001100
001001000110001111000011010110
101101011101101111001111101011
111111010110010010110100001011
001101110010100001010110111111
101101001111110000110000001110
101100000110101001100010001001
110111111011100100100011001111
001000001000111000001010001111
100011011100000101000111001001
010101100010111011101010000101
