111101100001001110110101001101
101011000100110011001001001011
001111001111001001011101110100
110110111001011100100101101000
010011101011101011100000111001
100010001010001010001111111010
011101111001000011010110010100
100101010010100111100100110110
111110011110111000110101011100
100111011111101011011010000110
111011001001010110000000001000
011010100001000101111101100101
111010001001011001111011101011
110000011111000000110011001010
100001000011010001100001110000
011010010001001111000000001010
000011110010011110010110000111
000010111100100110001111001100
101001001010101001000101110011
010101011101111100111101011110
011110110001011110100011111100
000110110001111000100000011010
110011001010101010001100001010
001001011000011100011100100000
010100001110101110001100001001
100110101001011101011001101010
101000111101000100010000001110
110100101011010010110100110000
110111101001100000101001011111
001001100011011110111100000010
