011001100110001011011101100110
111010111001110100000100010110
110011110101111010101100010010
000111000010110010000011000111
100000111110001010010111010001
100010100000100010101110101011
010110100111111100000101110010
111110110100000111111001001011
000111111010101110010100100101
010101110011001110011100000110
110011110001000100111011000101
001101110101001111110100111010
110100101010100110000011001010
000001011001011011111011101001
100000010110110111101110010011
111011011000101110110100110100
010010110001110110011001001000
110101101110101010110100011101
011000011100111000001111000100
010110110010110000110111000000
100000011011110011011100010011
010110110010101011000010011011
011111111010101100111011000110
011101111010110001111000010001
110100101010101010111011000100
010001101000101000001010110011
010111001111111100010000001110
100000111011011000001011101000
010000110001010001101100001010
110101101000110101010110000111
