010001100111010001101100000011
110100001101000011000100101110
100111101101100101010111000000
110101001010110010010100110100
001011010001100101110110111101
001010110011010111101011100110
010111011010000010101001111101
000100110001110011011000101100
100110001000100000011001000000
111110001101010100111111110110
101110111011111110011010011101
100100000001100001111101111000
101100111011110010000101100111
110101101111001101110000000010
001110000001100100101101101101
000101111010000011000011110110
000101011000011110010010000010
111000110010000110101101001010
101111011010010110100100011000
111001001010000101000111010010
101110001001101100001110101011
100010010101111111110001110011
000111100011001010010101101011
010100000110101110001011011111
100111011011011011000010001100
101000100000000111000011110001
101100100011110111000101011000
110011000111100100001110010001
101100011010111001101010101010
000111111111001011100011100101
