100010000111001011001010111110
011110110011011101010000000010
011001100001010100101101110010
001001110111011101111011011100
011010001111001101000101110100
011011111010000101011001000001
100100111100100100001011001111
101011000111110101011110010111
101001011011110011000010011110
100110110011000001000000001001
011010101100111111111010100111
011011111111100101110111000101
000000010010011100111001000111
011010101000110111111111001001
011010011110100001001001001110
111001111010000101101000101011
110010100001010111000110010101
100011001010111011100100001010
011111000010011011101110011011
010111111011010101110011100011
010010100000100101101000011001
101110011110111011000101100101
100001100001101111010001111011
000001111101111101000011001000
010001010111001100000011111110
000101001011010110110101110001
010001110101010101000010110111
010100111010110111001010000100
110000100110010011111110011100
100110100010001001001110010101
