100010101101011111100011001000
110111001011111101010101000001
101011101001101100011010010100
000111000000010101011100001011
100100011100101010110001011101
010110111100001001000110100110
111011111000101000110010011000
101100010111000001100001000100
010100000011110010001011001011
011001101110110011110100101001
111110110111010001011010111001
100011000000111111011111011111
001110011001110110100110011010
000110001111011001010001011110
001110000100100101011000010101
011011000101001100010010110011
100101101010011110101011000110
100011111111000100011101001010
000000010111011010100001111110
001101101000011011101111100001
111111111110101011011111011110
000110111010000100110010011010
101110011100011101001010000111
011111110011110001101010000000
001001100000010101010000100101
010001111110100010100100000110
100110000100010001100111100011
110101100111101100001000111111
001000110010101111011011100000
101011111000100011001111100000
