000011111101100001010001001010
000101001010001001101011001100
010010000011010100100100011000
110010100100000110100000011101
000000000000011010000010101010
000100110111101100001011001101
010010000101001000110101101110
011110111000010111001010110011
011110101011001111100000100001
000100110101101101011110111111
100000110000100110100000101100
011111110110011100000110110000
111100010001011001000000000100
011010011101001001011110101011
101010101010100010101111111110
011010011000100011111101110011
011101000010010100101001011010
110010011100010110011010011101
100010100100011010001001000010
111100011110110100100100100101
000001011011100001000011011100
001101001110101011000110011100
001111101100111000011110100001
111000010010101110111011010111
110010011011111011011100100011
010110110100010010101101101010
110011101101001111010000100111
011100001011101010110100101111
011001010101001000100110101001
110010001000110010010010100111
