101111110101100010000010010011
100011100000111000101101010011
000101111010111110001101100101
101111011110000001110100100011
010101111000100100101010010110
101110101011001001010001010110
100110011001111100111101011101
101111010111111011111110000100
000011000101101011100111110001
010010111111110111001100101110
111011000001100110101010011000
101000111101111011100011110101
000010110000001001011101000010
101110001101111010100010100010
000010101011101001110100110101
001001001100100101001001011110
101011101100100110001011001000
001110011110011011111010101000
001010010110111010101101110011
100110011100011111011000011100
001010110111111111000001011000
010010010111001111111001111111
001000110001100110001110100001
001100001111100000100110110111
000000011111001000100111101001
010001010101011001000110011000
100101011001111000100101101110
011010011011111111111100011110
110001110011110010101011110100
110010111111110111000101001000
