001101001001110110101001111110
000011010000011100111100010010
010111101110010111100100100000
101011010001111010110110111111
110000111101101010001000101000
000100000001100111100001010100
011000001111111101011100101001
001010011001111111111010111000
010011001110011110000000010000
000100100110101011101101000001
101010110110011000000111101011
000011110110011101001000010001
100000111011010001111110001111
100100001001101111000011101011
101101111111011101001110010011
101110010101100110110010010001
010000011000100111001101011110
010010001000011011001010100111
111001000100111110110000000001
101000111100110110100101011001
101001111101110111100110001001
011101100111101010110011011100
001001001000011100110111011111
101101111001010010111100101000
011111010000001001111010001111
111110100000110011001000111010
010000001101001110001111100001
000000111111100101001111011000
010111011110001010100001000111
010111001100001110101000000110
