011011111111100000111001111111
001000001110100100111100100000
001000000010001011110100001111
111001001011111101101001010101
110101000111010101010100000011
100101001111110010001100100011
011000011110101110000000111000
010010100110110001100101001111
111110001000010111010111100100
101010010110001010111111101000
010010100101001001100101100011
101110100001010001110011010011
001000111010011000110001111111
001000000101000010011000101101
000101101111111010111000011101
100000010101100000000011010010
100000000001101111011011001110
000010010101010001101011001100
111000111000100001110110001011
101100011011011011001010011100
010110000101100011111011110001
001011101110001101010101110111
101010110110000011111011111011
101011100100100011011011110001
001110110010000101101000000001
110001101100100000010011101110
011100100010101100110110101011
111001111100100011110110101011
001100100001001100011001110001
011111011100110110100100100000
