100100000111000001001101011101
011110110011100011111101011110
100000100111010101011001100111
101100010111101110111010100001
100011010110010001000010001101
101001110010011000010011110010
010101000011101100010101101011
000000000001100100100100001010
010011010111001010101101000010
010110001100011010001110110101
010000110111011101000111100001
110010101001010011001011000001
101110100000110001111011000011
010000010100100011000100101110
100001000010010100011101001101
010001111011010010110110111100
101100010010110001111101010100
110001111010000110000111010001
011011100011101011011101110111
011001011111101010010101001100
110010010011010000110011111100
011101000010110010110000100110
010100001111001011101111011000
110101000000010111110000011010
010101101101100110001010010010
000001011110110110010000101110
101100110001001111000010011100
011110010111001000011100011000
001000110011111101110001000010
001011110110001000000100101111
