100000101001000000001001101111
011111110110111011100011001011
101100010010111111000001101111
001110011010011000111101110101
110000101011010100001110010100
111111000010110111101001001110
000111111011001011000111101100
111110110000001000100010001110
001110011010100001000001011110
101100011100100110000101110110
011111000000100111111010000101
110000111010110101010100101000
111011101101010010111101010011
010010000000100101110111000000
010010000010110101101011101111
100011101010001000111010010111
111010100010011001001100001111
010001111101011100110111111010
100110111110111011111100110011
001110101110011101100000111110
111011101101011100011001011011
111110001000000100001101100001
111010001011100001010011110001
101101010101110001011010010111
000100110011001000111000101111
010000011111101010001000011110
000000100111111000101111100110
100001011101101110101001010000
100100111111100000101101110011
011100011110110000000010100110
