111010110000111001000010101110
010100101100100001101101101010
110101100010100001111010001001
010010010000010001101110001111
101100010011101011000001101000
110111011101101001000000011000
110011100100000010101001101011
000111100000110110110011111001
100001011111101001011001101001
110010100111010100100110101100
001010000011101010000110000001
101101010101100001000111001000
111110011111010101110110111111
100000001110001010011010101011
110100101001111111011111001100
001001100110111001100000110001
100101010101001111100001100010
111011100000100111110110101000
101001000001110010101000011001
011100010111001101100000100011
010110100100010000111011110101
111011100100011010111100000001
000000111100101111110101001110
000000011011001111110001100101
010000110101011011100000111101
010000100100010011010100011111
110011110101100100010010001001
111110010101110110001111101111
000111111000111000010100010011
011011110010101010100110001011
