000001101110110110000110101101
011001101110000100111111000011
101001101010100010101100100000
000011011111110101110110110110
001101010101010011010011000000
111011010110110100001111011111
111000111111100010100001100010
000111101111000011001001100010
011100010100100111100110010001
111100010000000111011111100011
010010101010111111000010110110
100101000011111011010011110100
111110101101001101111101101000
000001110000001001101001101000
101111010010010100101011011101
111101100110111011100011110110
001101011010111000011001000110
111111101001111001111101011001
100010001000111101111000101100
110101010001011011000100110101
010011011100000100011111000000
111100100001110011110000110001
111101111101011001000100010111
111000101101010101110111110110
010101110111111101010100001110
011100001110001010100010101001
000011001100001011001011111110
000110010000010010011110110001
111000101111111010100111100011
111111010011001110111010011000
