110011001011101110010101010010
101101001001101110101100000011
101011100101000100000000111001
001011000001101011100101101011
111110110011000010101000111110
011110010010010011111011000101
001110111011111010011110100011
000010001010011001110010100011
111011010010110010101110110011
101111110000110010001000100000
001101011010011100100100100010
100010001010001101001101001000
100010010111101101010101101000
101011101110100011001000000000
000111011001101100011101011101
111010101100001011101110111011
110101101001010110011110100010
010111001011011110001010011111
000101110011100110110111000010
011110010111100011000101000101
011000011110110101101100110010
100010010000110111000011111100
110011001001000100101101001100
111111101100111111100010100011
110010001101011100101010011110
010000000011110001010110110000
101100010011110101001001111111
110100111001111111110101001011
110111010010010100011110111100
010000011100100011110010101000
