010110101101111010011010100111
010111110001010110111000101101
001010010010001011000111100100
000000011100110000111000010001
111101101011001101011010111001
101110100111111010010010100110
000001100100100110111111111110
101111011011110101011001011010
101110001111011010100101001011
100010010110101110100101000000
001101111100110110001000111110
101000100001001101000100000100
001111101000000110101011000110
011011000101011001010110001010
011010101001110111011110111010
100001100010111111110100000011
100011011000110110000000101101
011110011100001111010000110001
100110100110100111010001001110
010101010010100101001001011011
010100001000011100100101011100
110100100010101001001001100000
001100111000110000000111111110
111001111101010011100011011010
010000111111110000111011010011
010010001010111000110010001101
100101101100111111110011101011
100101111010011011000110010010
010011100000101111100000110011
010001000000000111100010101100
