011111010101110011000110001010
010001001000000010100010011110
111010011110110010100011001110
001100000000110100101000001101
010100111100101000010111101011
001110000010100010111000010011
101100010111101010110011000000
001100101011100001111000111101
111100111111001010111110001101
011111001011110100110111010110
011000110111011011100011100011
101000000100110000101100001010
010010111011101001110001100011
000110001001110101110100111110
011100000100111100011001111100
010100011101110011100111100001
001110011001111111000101010101
011010100001011000110000001100
000101010111110011100100100011
111111010100100001011000011010
110111011110101011001011011011
110010111000110001011111110111
100001100100111110100111011100
000001100001000001111101101000
111100010111110100110001110000
001001111001111010101111110010
000101110100111011111000010000
011001001110010001111101111001
011100100111100101000111111110
001111111100011110000111001000
