101100111011010010010110001101
101010100010100101011011110110
000111110111111001001101101010
000111000110111100010010110011
110010000010110110001001010110
100111100100110100000111111101
101101000001010011100101100101
100001001110011101101101010110
011110110110101001100111110110
110111000011010101101100100100
100100011110111101100111100101
101010000110100011100110011110
010100011011111010111110001001
001001010001010000110001001100
110110111111011000101010001101
001100110100001101001001010010
001001110010111101001110110100
100000010111001011011111101110
001101010000100011111010111001
101111110010001001010000000001
101110110011110101001010110000
010001100011111000011101100110
000110100011000011100011000010
001111001100110000111011000000
100111010010111100000100111010
010000001000000011011000111110
101010100101001001100011011011
000100101100110001001101001001
000110110101010110000101001100
100101011110111010111001010001
