010111001011101001110110110111
011110111010011111110110111001
010000000101110110101100001000
111001010110100100001001000000
011011110110000010001001110001
111010001000011101001001011101
011000010001111011100011000010
111001101110000110011100011101
111000000010100011100001100010
111101000010010110011101010001
010001110101011001110111111100
001011010100110100111010100111
011000001000100011011111100001
000011100110011000110011100110
011000000100110011101110110000
011100101010010100000100100111
110101110010001001110001110011
010100011001000100110010001110
011111110001000010111001001010
110100111111110001011101001111
000111111111001011101110000100
111010100011000101110101001111
100001011011111001100101000110
101010101111111100110001000100
010100110111010000000111001111
100100111010001010001101110010
100000001111010000100001010010
001011101111101111111110000111
011000101111100010101101010011
110100010111011111111010110000
