101001010100011000001101011000
000010000100110000100100010100
001101101011101001111100001000
011101011101110100010011011110
011110010000100100110111010000
001100010011110011100000111001
101011011110110110110011000101
010011110111111011000110100101
001001011101111110011101011100
010010101100100001111111001100
001110100011111100101111111001
100011101011100011001110100100
000011100001100000000011011010
111010001000111000100001101000
110110100111000010011111100001
100010101110000100000101011001
101101110101100011000010100100
011000101110101011010011001101
111111011110000110111010001100
000100101001011000000010010001
010001110110111110111101110110
000000110011110000100111101010
101010001110011101100000101000
011001110011000111111000110110
100100100011010000100110100100
110111100011101100000110001110
010101000100000001111010010111
101110010000000100010010000010
100101000010100101010101110010
001100000111011000000111001100
