011110000100110010111110011010
101001001110100111001000011000
110110000101100111110111100100
000001010110100100101000110100
110001111111111100011101110100
011000001101100110101110100001
010100111110101001100110001000
010100111101011000000000111101
110101010010001101010000010000
101111010010111001100011100001
101000100111001100010001001100
101000010011111100101010100111
100011110101011101011010101000
110010010111011101000110001100
101101101001001111101001011000
001110111000110010000100111100
111001100110000001011111000111
001101111100010101010000111011
111110000100111011111101001101
010010001101011111111100101011
011111101011001100011011101101
010010100000101101100000011000
110110110100100110100101010001
001001110001010001000111100000
111011101110110101010000001101
100011100100011100011101010100
011111011000101010101111110110
100110011111110111011011111100
000001010111111100000101000001
010001100100110001101110101110
