110100010101000111001000000010
111111000101101010010100001110
101101011011101111100111010011
010010010111001001111001101010
010110100010111111000101111011
101110100101011110010000101001
001101110000001111111010011011
100101110100000001000110010101
100001100001100001110110101010
001110100110111110010101101111
001001001011100111000111100111
011111000111110110011101111110
000001100000001001011000001011
010101010011010010110001101001
110000111101011100011000101011
111110010101111101111110100010
100010101110010101100011001110
010000000110111110110010001000
101111110100000000000001101010
110111100010101010001100111011
000101101010010111001110000001
100000010101111010110001101110
010000111001111010100000000110
100101110110001000110001101000
010101010011001001100100011101
010111011011010010110101000101
101001001011110110001100001010
101110110101010001011101010101
100010110100010100001011110011
010011001100011110011100100001
