111100111011111001101011001001
100011000010101010011100000010
101001110010111001100111011000
110001111001000001010100000110
011010011110011010100111101101
010011001101010101011001001001
001100000001000100110100000000
101011010011001101110011010101
010010111101110000001111001001
011101100101100011001100100100
001010011111100010110001000111
101111101111100001110000101011
001010100011101101011111010110
110101010010111000010111111001
101001101100101100000100011100
000000111000011001110111110000
010110011011010101001011100111
000100100011100010001000000010
011100011000011001111110000010
111101000000100100011111000000
100011010001100011110011101000
111001111000010000000111111110
100001111011010110011110010011
110001110001111011000111100101
100000100111011100011000110111
101001010101011000011110101000
011110011110110000111100110010
111000101011011001100010101000
101110010100101101110101000101
110001110101101101111010000011
