011011011000010110101100101011
111001000110101110011100000001
111011000000111010111101010011
011000111001001011001001100010
000010101110101010101000100011
010001000101011100100101110110
101110101101001111101110110001
110111111010001101110001011100
010111010000100001000010111100
001111101010100011000001001011
101011010110010101011111000101
100111001110101111010011011111
101011100011001011011001101111
100110001000011100101001000111
110100000010011011101101100101
110101011110001111010001000011
110010000000011100100111110010
011110110111001101000010111110
010100000010111001111000001100
011001111101110000101011101011
100101000111010010111110010111
111100010011100000001111110100
101110011001101001010010010010
000101001000100100101000001101
110111110000111000001010110100
100110101101000010011001010001
111101000000101101011010000110
011000001011001110010000011001
100010110111011011001011101000
100001010010010011110001110110
