000110010001001101010001000000
100000110110110000010001110011
101011010100110100110110000001
111011111000011110110000111001
000101100111111110111001001010
010000111011010011010101000001
110101011000100010110110101010
100000110000010010000011110000
111010110011110110010100000010
001100000110100101000100110110
101110000011111011000001001100
001100000010010010000110101011
010110000110101010100100100011
100100000110000110100000001100
010000111101001001100011110110
110111101001001111110001101000
001000101011100110000010000010
000011101000101011000110010010
000110100010111101110000100011
100011001110010000001110010111
100010100111110100000001011011
100100001010001110101010010010
000100111111000011000000010101
101010110010111110111011101101
010100001011100001101001111100
000000111010000010111010010000
001110111011001011111001100010
001101100111110111110101001000
000001110000101010111010110011
000100000111100001110110101100
