000011000111111100100110011110
000100101111110111010111101101
101110000111000110100010101010
011011011111011110110001001101
100101110101000000010010001000
101101111010111010101011111010
101100011010111110111111111101
000110010101010111111111111011
001001111011110011111111100001
000100001101000101110100000101
100111111010010101111000100101
100100000111001100001111101001
110000011011010001100010110101
101000010001000011011110001011
111100010110011010000101000111
010101100011000000001110101011
111110001111110110010111110100
000010101100011000100000011100
111111101011000100010100100101
001001101010011010111101110101
011100011011111111001001001111
010011000100000111010011111000
001101101001110000111110101101
101011001001001011001110100100
011110110101101010101000101010
110111110010010100101011000111
111110011011010010111101101101
010100100011100000100110111101
101000010011111011101001100100
101011111100110011101001100011
