011110110001100011001111111100
010000111001011010010110110001
101111110101110101010111110100
001110010010101100101101100111
101011100000000100111100001011
000011011111010101001011001011
101110100101000000101010101011
001110101111001010000100000011
101110101100100010111011010101
010111100110110010011111010101
101011100111101100000001010100
011000001110010001110010010111
110110101110101011100100011010
001011000001001001110100010111
101000111000001101010000111000
110001110001010011000000110101
100100010010000001101011110011
110001100111011000111000110101
010001011011010101011001010100
000000101101000000100101010110
110101011010100111111010000111
010110101101100100010010010110
111111110111111001010010011001
110011000010011010001001011000
100111110010000101111000010010
111111011001100101111100110111
101111101010101000001000100010
001011011010000001100111110001
100110100101010110001010101000
101101000010111111010111000100
