000000001111010001100111100110
011111101111110001110010110001
000011001001010010111101010001
110010000100010010101101110111
110101111100101100001001101111
100011110110000101110110010000
010100010011010111011110001110
001110001101110010010010011100
100111011011110011011101010101
010100111100000000110110101100
111111101010000100010011000011
000011011001100101111111000100
110111110110100001000110011101
001100110000111001100111111110
001101100010010110011101000111
010101001111011100101011111011
110111110000110110000011110000
110001001111111000011010101110
001101010001000100011101001101
100001001101111000001111111011
100111000000111110010011100010
100111001010100110010001110000
111101100010001010100111111111
100110101100111111100100011110
101110101111100101110101010110
100000110110110110111100100101
110010101011010001011110001010
010110001001100000000111001001
100101000101100010110000000010
001001101010101100011111011010
