000010011110010100010110001001
001001101001101000011010011101
110100110100011001011111101101
101010000011011011111101101001
001101011011010010110101011010
100001000010000110111000101100
001011100100101110010000000111
110101011000100111101000100011
101110000111110011001100100000
101100001101110011100011000001
111000110000000100101010001011
110011101100000111000111011100
000001011001100101100010011111
111100111101011111110101010011
000010110010111010100001010111
110011011001110000010011101111
010010111101000101011011001010
100010100111111101011100101000
110001000101010011000001011111
001111010011000001000101101011
000101100001111110110101110001
000010011110101100110100011010
001111000101100100001110001111
011110001010111011101010010101
011001101000000000100111000100
001001010111011101010001100110
101000000001001001101010001101
111101001110111011100100110000
110000010101100011111010001010
101100110100011000110011001011
