100111010111000010000110010001
010000111000000001100110000101
111000110101100011101000010010
001101000101110001100001001110
010110010110001100010001100010
110010100010000001010110100010
010101110010100001101010111110
011001010110010101001000101000
010111101100000100100110011111
111000110001001001101111001111
000001101001011010101110000111
001100010000110000100011111100
010101110011010000011101101001
001111000011101101111000111011
101101000111001101101101000110
100011001001100010010011110110
010100001001111000011000111101
110010011001000111110101101100
011111000001000100111001100001
010000011100100011110111010100
010001111001100101010101111101
100110001101101010100110000011
001000011110111011111000111010
110011101011110100001011001111
110001101000101000001001100111
000111011101111110111001101111
010011100100000010111010000100
111101101010001111000100100111
001101010000101110010010111000
010111111101011000001101101101
