001110010001100110010110111101
100001110100010110101000001000
011011110101000100111001011000
100001000111110011101000011101
000110010001010011010110001100
001111100010010110100010001111
010111000010000001101111000100
110000100101110100101100100000
001000110011011111111000000010
101110000110000000000111110001
001010100001010001001101110010
000110110010110011001101110111
010001010110100100011101001001
101010001110110010110010001011
010110100010011010011101111010
101001111101111010011011100101
100011101000000011011111111101
101001110010111000111001000101
010100010111001010110011011010
111010101101101100000101101010
000100111101010010010100100101
000101001110110001110110011111
111000101111100010011000111011
001110011101100001011100100000
000110000111010100100011101110
011111101001001010011011111011
110101001110001100110000011111
100010101001011101000010110010
100110011010010010101110001000
110111010001101000100011111010
