111111010101000110000011100111
111010000000010000001100000000
101101110000101001010111100011
001000100011111100111010101000
111101001011011101111001010010
010101011111110011110011110000
110001100110010011001011010101
110111111111001101000011100010
000100000100010111011101000001
101011110000100100011101101010
110001001011001000010100101010
100001001011010110100111110000
111010000110101101100110111001
110100000100100010001111010010
001111111010010111001010011011
001101011001010111000001011011
000110101011111110100101110100
110111101011111110100001000100
111001011010110111100011101010
001000010010011111111100110001
011110000001110101100001110000
110011001100001010101111101111
001010001000101111110011110000
000100010010100010101001101000
001000010100000010010100001111
010011101011001110011100100101
010001110111010011011100010101
001111100101001101011010011010
010000100110100111010100010101
010110111111010101110101110110
