000011110010010111011001001000
011110010001101111111111110100
001010000000110010011011011111
101111011110000111000110000001
000100100100111101110000111111
110000110011001000111110110100
000110101010010011110111000010
011000101010001001000111011000
110111110010011001000010011011
011101011100000111110011011010
100110111101100101010110100110
101101110001110011001001000000
101001001010010001100101011100
011111101100111101011001001011
101111010110010010100101101100
011000100010010000011011001111
111101101100010001111000100001
110100000111101110100110110011
001110010001111000111011111110
011101011111111000001110000110
100001010001111101001110100110
110000001111101111110001110001
010011001101100100100100011010
111011011001101100111100111110
111011000111010010100111011100
010011001101100011111010100100
110101011001110011111100100100
010010010010001001101100101000
010011100101100000100101100010
111000111010100010101010101001
