111101010010010100001110111001
110010110101011010010001100011
110101110111010001000100111010
001101110101101010001010000101
100000010010010101111010101101
000100000011001000110011110110
110010100000000110011001000101
111100011001000000000000010010
101011101110000111011001000100
010110000000111110110001001001
110111101011010110111000111000
001100011000011101100001010110
011010101001100000101111100010
111100010011101001100111010000
110110011111000010100110101111
101110110000000111101010000111
001000101111010110110010010001
101110101101100001011010101101
000111010010010000110101011111
000001100011001111010101010111
010010000101011100101010100000
100001001111011110010001101000
100111101100111010010111110111
010110101101001010111011110111
001001011011000001111010111001
101111101000110001101010111010
011011101011110011000000110000
000101011101100111100101001100
111110011100010000010101101110
001001011011011110101100101011
