010111111000101110000111111101
001011110100111111100011010111
001110010010101011010101101111
111011111111011111101011100110
100101010010111001010001100101
000001011100000100111001000000
001101101000011100111000111000
011110100000111001001010111110
010000011100000100001100111110
011111101001101011010100100011
010011000101100101010100011101
110111101010010110101000110101
100001100011101011101110110110
100000011010011000111011100000
100100010111110001001111000010
001110101010111011101001010001
101110011101011000010000000100
000010100001110100011011000001
110011011110100110000111111110
001110010101000001100100111001
110011011010011101000000000100
111101101000110010011001100111
111000000111010011111010001111
100101101010011111110000100100
100110010001011001000111000010
010001001110110000010101001010
010011101101010010000110101000
000011101010111101000000110110
100001111010011110100101101101
101000000000100000000001011111
