010101110000100101111101111101
011100010000011110100000101010
010111100010101010110110000110
001000110110110110001100100000
011000000101100000001111011101
010011011000010100010000010100
001010001000110100100101110111
101110011011110111100000101110
111100001101011000010101101001
011000111100001111111110100010
110011001011001010110101011011
101110011110100110001111101100
010000001111000000000100111101
000011010111101110001101110111
110111101111001111010001010110
011010010010011010011110110010
111100000011101001010111010011
101001010000111010100110110100
111111001010010010011111001011
111110110011010010001001010010
100100110000000101101000001000
001000000101011110001100001000
111111100100110101001011110000
100011001111100100111001110111
010010000001011111010100110010
110001010101010101011011001011
000001100111111010010111001001
111010100111101001010110001000
001001110001100101111000010000
101010100100010101010101011010
