111010001110100001111110000010
011001100101101011011100001100
101000001111001100001101110110
011101001011100110001111010000
010111001010110001111111101100
001111101010000001011011001111
110001101010110010100111111001
001001000111111101100011001010
111111011001100110110110111010
100111111011110101001101110001
101101001100101011100101100000
110101110101110100011000110111
111100111000111101110001111011
110110001011000111001001010001
011011110001011110001011011010
011000010001110000011111110110
111001110010010011010110011111
111110101011000111001010100111
001111011001111000011011111101
001010101011000111010001110111
111011011001011011000000100100
000000100110010110000011100100
000110011000001000110000111111
111000101010101110101100001100
010101000110110110000101100001
000110101110000101111111000000
000011010011111010100101010110
101111111111000011010100101111
011011001110100111011101000100
011000100101010111010000111100
