010100111101101000100111000011
100110010010010110000101010001
011101000010111101111011001000
110010001000101110010000100111
110001010111101010011000011100
010001001100101101101100110010
111011100111110001101100010010
001111000010001100000000010010
000011000001000101000011111001
000001001010111100000110111100
001001101000001111000001100111
100110010110011001001010001001
101000101010100010011111001001
101010100001111101011100000101
101110010010101100001011111000
110011000000000001011010001001
001111010001101000100111011100
111001011101101000101010000001
000110101001011100011000010100
011101010101110101001001001011
010110011111001110011011111010
100011010111111101000010000111
010101001101101101011111010001
000011000111011010101111111010
000000111011110110101001110010
101110011000110110101010000110
000010000111000100100111001011
011011011010000110000101100001
111110111011010111111111010111
111100010110111001011000000011
