100000110110110111001111001101
011101110110111000110111111011
010011001000100000011001101011
000101011100100011101011000001
011110010111001100111110011110
110111011111100010100101110101
001100101100100101110000001100
101100111111101010000110110100
000111111010011010111010011011
001001111000111111111110011010
110000000011111001011010000110
110100001101101110110111001010
101111001000101110101000110111
001000110100000001100001110000
110111100111001001100011101000
100110000010111010111000111011
110111001111000110111000000110
001010110110000101100100101101
000110010100000010110001001000
100101111101111000000000111101
001010111101101000000001111010
011011110010110101100000001110
011111111110011101111001100011
100100101010011101000010010111
011111111100111111110101011111
100000010000101000111011011110
001101010011011111110100100011
111000010100010000100111010110
111011011110011001011001011010
000101101010110110110111000101
