111101111011010111111111001110
010011101111011101011010001001
011101010011111110111010010000
011110010000011011100001000100
011011001011111100000000011001
100000100011111001001111010100
010010000101011110011111100000
110011010010011110011001111111
100101001101001010010001110000
111100010111100010111110101100
101000101011100011110010100111
111010010101111100111101111101
001100100110111100111000000010
010010101101101010110111111010
111010110101111100011000111010
101110100100001001111110111000
111101001100111101100001111001
001101010011011000011100010111
001100011010110011110110100111
111011001001100011101111001001
110110100011000111111111111111
000100001011100001100111011100
111101001110000111001111101100
110000110010011101011001100110
001011011011111001110011101110
101111010010111100101110110100
010100001100000110001011000001
110101110111101100010111010001
110110010001010111101000110000
101100001100000111000001100110
