101001010001001001101001000000
100001011111001101000000010000
010010000001111101101000011011
001100110010000101110011010111
100111110101100100001110111111
100010001001010011110010110001
110101000001011110111110101110
111101001101010010001100111001
000100111111010001100010110001
111110000010111010011111110101
001100011111011001010000110110
111011111011011011100000111000
010111101001010011101000100110
111011011011110010001110110011
100011100000011000101001000010
001001010101001100011010010100
011110001110100111011111101001
101011011000000110111101111100
011110011000111010000100101000
100111011010001110101111011010
000111011000101010000011000111
000111001101101010010100000110
100010110001111010000110101000
110110101111011000000001010000
010110111000001011100111101111
101111100101110011000010110011
110000101010011100011011110000
111011111010110000011100001010
110011010100100001100000101010
000101010001010001100111001000
