011001111111100100110100001011
100000011101001010110101110101
101010010111110010110101010000
100100101101011100000110000001
111111000000100110000011101001
001101011111001001110010100101
101011111101000111101100100001
110001011111000000010100011101
001101110011110100000001111010
011111110110100011001111001110
111101110100010011110101000001
001001001110111110110101100011
001100100010010010000010001000
111100000111010110000001111011
111001000101100000101100101010
101010010100001010110010010001
000101000100100010101100111000
100010101111011011100110110111
000101100010001101111001101101
001101110001101101010010110011
100001100111000011011111010000
000000111100000011010101101110
011111010000010000000001100101
000100001000110010110101000011
010100101010111100111011110110
100000011111101010000010000011
100000010110010011111010010001
100000110010010101001000100010
011000110111011110110110111010
001000110101101010010010100011
