000110000101000101101100100001
110111111110110100010111011010
101000010111111101110000100100
111100101001010111011110010110
101001100110001111101011010011
111010000001100010111001110000
101011101000100111000111101101
101111110011010010101000101001
101101111101000010010011000100
100111001000010001000110001001
000000001111011001010111110010
111000010011100000110100000001
000101101111101100101011111110
111010100010001000010101011101
100000111000000100111001010010
111001011101011001010101110110
001110101100000000100111110110
101100111110000101111111100001
111111101101001110011000010011
110011111111001110110010000001
011110011010010001101111111100
011100001100011101000011001010
010110100100111110101000100000
100111101000011011110011000111
000100001111000101000101100000
100001001011001000000101001111
100110000011101010001001011111
110110000000110011111010101110
101010000000110101000001010001
100100110011000100111100111011
