111101101110000110010111101010
001110100111111111111101111011
000111001111110111011000110101
110011010111011011110100110110
010001010101001010010001001000
001001101011101001011000101010
100010010110111011100111010100
001101111101001011001001111000
010011100111011110001011110100
101000010111000110100101110011
101001011001110001001111110000
100101111010010000101101100010
100010011000100101011100100001
001110101111100101001100000001
010101000000101010011110001011
000000100001000101110001000110
000110110101101111000100001100
001001101001010011100100011001
111010100110100100110011100001
000110001011010011011111111011
011101111000110000001100101110
000011111011100110010101010101
110111100010100010011001111101
001110010110010101011010111011
100101010001011000110011001010
110100110110101110111001100111
000011001010111010110001111111
111111001001100111010001111011
010111000000110100111010000100
110111010000111000000111111100
