110100010001000001010101010111
010101110100101001101000000101
101101111011101001000110110011
001000101010111111101111101100
100001010010110101010101101111
000000011111110110110000011011
100011111010111100010100011011
100011010111001001010011001100
100000111100001011001011011110
011110001100110100010011010111
010101010110001001000111110100
100100001010111000000110111110
001000100111111001101011011100
101000001110001100010100101000
111111010000100110110101001111
111000101011010011111001001000
010011111110110000010101010110
111111001111100111011101011000
011011111101101000011010110101
101100111110000110111101000111
010010100001011011110101110010
110000000000101110010001001111
111110011101001001010111001110
010110110100110010001111110101
010011010011011000110011000001
110001101001100001000110011111
010110101111111111011111001100
110010100101000111100111000100
111100001001111100010001000111
001100011110000000111101100000
