011001101111111110100101011011
101010011011000001101011011010
000011111110010011011111001111
000110001011010000011001111000
001000011011010000010111111111
100011010101010100100010010000
010001111000011111001000001011
001101111010001001101011000001
010111001110001111011001010100
001101111000101011011110001011
011000011111111101011110011000
011110010101110100110011011110
110111101011111111100110000001
101011011010001000000110011010
110111101110111011101111010001
000100111010000001110100110100
100010111001000000010101010100
011101000101001011110011111010
111101001001100000010011011001
110101001011010010111100001000
101110000110010010101001110011
010010011110001110001101011011
011100111101000101100101100010
011110010100110111010101111111
101100101000110010100100000101
110011011101011001111001110001
110110111000100111100101111001
010100010010101010001101101011
001000011100000110101000111101
011110001000001101101000001010
