010011101101011110001110001001
110011010000110111000101011000
101010010010010001000001011010
100011101011010011101100001000
010000001000000000011010011111
110011111001011001000001011000
111100111011101011001000000111
110100011001000001001100000101
000000011000101010111111010011
001011011110111110000111100100
110001010110110001001000001011
001000010100000100000110010100
101110100100011010000101011100
000011011011101010110111111110
100110110101010110001010110011
010000110000000111001111001100
111010010000100110010100101001
101101001001010001011110111001
100011110110000100010100100110
101100001000000000001000001001
100110011111000110110010001001
100110000110000101111011011011
101011110111001110110010001011
010011011011001000011000101000
111101011011011111010011010100
101101110000001100111100000110
110110000000100110110001111101
101111010010000000101111100101
000001101010100001010011101010
101000101110111111001010100010
