011011111110100111001101001011
010101101001001100001111100001
111100110101111110110110000111
010111110110000011111010011110
100111111111110101111110000000
001000010011000010111000011100
010000100100111101110101100100
010010110011000101100011110111
100110100110100101100011010110
100111110011000111000100011001
111100001110110011101101101000
001110011010010110111000110111
101011010000100101001101000100
110011100001111111110111110101
000000011010001101011001000010
011100101101000010110111001011
111010010011101000011110000011
001011111001010011001000010010
011110100001010111101010001000
010111011111101011101100010010
011111111100001101001110000110
011001010101010011111101000110
010000101101110011011110100010
110111001000001111001010101100
111101010000010000000101011110
111011001111011000111111110100
110111011000000101111011100011
000100000100001000001100100011
001001110111010000011111010001
100101001110110110011100010100
