101000000011110010100000010101
101010010001011110100000000101
000110000011111100100111011000
000111101011011100110101101110
000011010100100001110111111101
111010110010101101101111001010
000111010000010001111001110111
000010111010011011100100100111
000111011100001100110000111111
111010111101110101010101000100
100100001001011011100111011010
000001000100110000010100011110
111000000001101100101111101000
001011110110101101100111111110
011111010111010100101101001010
001111110011101001111001101101
011110000101011110000101000100
010010110111000010111100110010
110010101001010100101101000011
001011000010111001010010000001
110000001001000010000101000110
110000001011011011110011010100
110100011111110000010111110111
101001101110010111000000011000
011001101100000011011000011100
011110000101011110010111000001
101110101011011110110000101010
001100011110101001011110111110
011110110101110101101010100100
001011110111000011110111010010
