110100011101110101000001010010
011001000001010011001110001100
000011001001101000000011110100
011100000110110011110111101101
100001101010000100010100011101
011111100110110001110111111011
111100001010010001111100010001
010101001110111111001011000110
001000000011110100101100000001
011110101101000110110001011001
000110101111100000001101100100
110111000001000001010000111101
001110101101001111001001001001
110011011110110000000111011110
100000011001100000100111010101
100001001010100110100101101110
110010100111000000110010010010
000011000000110110110000111000
111101001001101111100010110011
001000001100111011111010000110
001000101011111100011011001011
001100101110111110100111010101
111011100000110010101011010001
100000001101000011110011010010
011010010100100000000110001110
011010101101110011111011000111
101111000110100111001010010000
011011100101011110001000111110
100110100110000110010101010101
101110010110100010110111000111
