001001101010011000011001100000
110001010001000000101010101010
111111010111100000111111001110
000010010010111110111011110111
110001011101011101110001110001
101000011001101111110011100010
011111010001100101001011011001
101100111100100100101100110101
001111101011110110110011100100
111000100001100110100011010001
011101001101011110001000001011
101110011110000110001100000111
111111111000001011111001101110
100000000001010001101001100011
011111001101100111101100010001
110101101010111010011100100111
110101000011011101000111010100
100101101010111101110110001000
111010000111110111100001100000
011011111000000010110100100110
010000000111011101101010110010
110101011000001101110101011011
101001010110110011101101110111
001000110110110101010100000110
010100100011000110000110010000
010010101110000000010000001010
000100110010001000001000100010
111111100111111100011111111100
001111000010111011001011010011
000001111101011111011010011111
