001111100010011101110001000011
101111011011100111001011010011
111000101110101001101101001000
100011000001110100010001110110
111111011101000011010010101001
110110001100100110010100000000
110101010000110001110011000010
101000011111011100010101011011
100001100101110101000001100000
101111010001010110011000001110
001011101101110101000111001011
111100110010110110000010011101
010011111010110001000110111110
010100010001100101111111100100
100000100010111111110001011000
101011001101111011010011010101
011001100111001000010001010010
100000100100111100111010010100
000110111001111010111000011101
011110010101001100001111000100
100100111010001100110100110101
011011110000100001110111011010
100010110001101010001001011111
110001101011111111100101001111
101101101001100001011110111110
011011011000000110111100101001
001111010000110110000010111010
000110010011001100011010111000
010011000101100010000011111011
011001000100111011000101000001
