000000000100111101011110100000
000110010100000000010010001100
010001000110000010100110011110
100100101110010101111000100011
000011101010110011011110010001
000111100011011010101101010000
100010001110101000111011100010
101001110001010111000110011110
001001000010110000001001111000
110111110101101001010111000011
100001000011010111111010001001
100100101001110111011001011011
000101100000101011011010110010
111000100110100100101101100110
111110100000101101010100010010
011110101101011100001011111100
100001011010000000000111100100
101001100100000010010001111001
001111100110100100000000110011
001100110101010111000001111111
111010100000011101101010011110
100011011110111011110101011001
001001101101011111010010110000
000100110011110110011111100000
001000100111010110000101111111
101011001000001101010011010101
111011100000010101100011011110
011000000011001001011110011101
011000010000010100000010011111
000001000100010101011111000110
