111101010111001110001011101001
101110011110000001001110111001
111110110010000110000100011001
011111100101101101100100001111
110100011001100000001001000011
111110011100010000011101011100
011000110110011101100110011100
110111111010111010101001111000
101110010101101000101011000110
110001111010100111000100100010
000000101101111001000100000110
101011111101111010001010110101
101010111011100001011101100111
101001010000001000001010111100
100001000100111101011100000000
111011100101110001111010000000
110101111011011000100100110111
101010101110000000100001011100
010010110101111011101011010110
111000101010000110001100010100
010001101000001001101100010100
101011010010100111101010100010
100011011010001010010111001111
101001101101110101100111000000
010111001110101110101010111001
010101001100110010101000100111
110101010011001011100100100110
010011010110100010011101000111
101101000001010111100111001100
001000101111010110110011000010
