100100011010010001101100010100
001000001001100001111101001000
000010000011100011100011011000
110101000001111001111010001011
001000001000011011001101000001
111000100001111000110001111101
001101110101110011110001111001
000100101100011110110110110100
100000001011001100110010001101
011110111011100000011001110101
001011011010001111001100110001
100010000110001110010111111110
100110111101000111111011110010
100001101101101000000101111100
110111000111011000010011110001
001101011111101011011100101100
100000000011110011101010101111
111110110000110110101001011110
001110101110111100010100011101
100001101100001001000011001100
001100000011111110100000111111
100100000011011110011101110000
010110110010110011110010111111
111011100010011001001110110110
010000100001001000101111100001
111100110101010010111000011010
000001100010111010101110010011
111011000011001101111111011110
101011001011100001011000000010
000000001001110100011110011100
