101011000101101100101000000010
000110100111101001100001111101
011111011011100111011000000101
100101111101100111000110001100
100100001110011011011001101111
110001100100111111101110001001
100110111111000111010100010010
000000011010000110101100001100
101100001111100000011001001010
100010011010101100000101001010
011001011011101111111000000100
111110000010010111111100100101
001110000011111000111000011001
101111010010000001110110110100
011011100000000001011011010011
110001011000011000010001111001
100000000001110111100100010010
011001111110000111010000001000
010000100111101010111001101111
000111110100100001111010101001
101000000111010001111100100000
011101110111001011101010101010
110011101100101001010101011001
010010001001100100000100111111
100100110111110010001001010010
001001010001110100010100000101
101111100101011111110101111100
000111111011001110101010100111
100111100100111110011011001111
000101101000110100100001100111
