000100111110001101001100110111
011110010100000100110100100110
110011110111001000010001000011
001010110001110100100000111110
001011110010010100000010000001
011010100011001110011100000000
011111000111011001111011110110
001101010101100101001010010010
011110011001011111101000111001
101100100010111100110101101110
010001101101000011101100010010
101011110011010111100111111101
010111110011000101100110011110
101000000110100011000110000001
000001111111101111110111001110
001110000111111111000010000111
010000001101101010101011110110
100001000110100010010110011000
001001100010111101011010111110
100111111110001001010000110000
111101101101101110110100010001
000111110101110110011001000111
010001111001101101101001111001
000101111011001100001111110011
000011101001101000110100101001
100101111110111110100110111001
000010110010001000100100000111
100001101011011011111011011001
110001110111010111110011011000
001000101111011101010101111100
