011111110001001111101100000111
110100010100011110100100000110
001000001111000011000000100010
001011001010010100100110111111
011101101110010101011011000001
110011010000110010111011110011
011001011101110000000100010000
111010111111101011101001100110
100110000011000010000010111111
110101100100101011101011101100
111010110100111110010100010000
100001110000000010110011100001
001000010101101100100111111100
001110010111110011011101001000
011010111011111111111010001000
000011111001010111010110111001
001000111000010000001101011101
100010100110101010000110110000
001101111001011110100101011010
010100110011100011010110000011
111010100111100010110010000010
001100001011101010110111111101
010011101001010010110110101001
000110101010010000100011101111
001001101100100011000001101111
001100111001101001101100110000
110000011011101010111011011000
000100001111010011000100110000
110111101000110010010100100011
100100001100100000101110010001
