111000111010111001101101111110
010100001100001100010000110101
000001001101000111110100001000
110000100110010101000110101000
001110111111000101111111111101
100000011101101010000010000000
100001100010000110011011011111
000011010110101110101101001011
111000101000100011001110111000
010001000101110000110011101001
001110001010111100000010000101
011011110000110110011011010000
010111111000111101111000001100
111010010101100100111111010000
010100010011011101000110000111
110100011100001111100100000111
110111000011111000101101001010
110100011110101111011001100100
010100011011001111000111111100
111010000110000010101111000111
011000000110100110110010000011
000100100110111100111000000000
100100001000010010101001110111
110111100000110100110000100110
110001111100010001100111010110
110100011110011011010011010111
100000110010000100000110100100
101111000110000001010110100011
010000110100011110101001001110
110110111001101101011100111011
