101100000101000000011101001110
001100101101001101011010000000
010110110110100101100110101111
100110100110011110110110000010
101000100011010000010101001011
010110100100101001100100100101
010110100010101000001101111010
110101110110101100010101011100
100010010101100001010010101001
010101000110111101111110101000
110011110101001011011010101100
001111110110010010010010001111
110011000001110000100101100010
111011001101100101100011110011
111111011111011111111001111011
100001000100011101001010010000
010010010011100110000101110011
100101000101010110111100101011
101111010100101100001010110000
111001111010110100101111010101
110101110111100111010101011110
100001001010011000101100010111
110101010000100101111100101001
000011110100010000010110101001
000111010101001111110110101000
110111011111010101001101010001
101011110110110101010101011110
111111110011000001111010101111
101001011100010010000011110111
000101100010001000101110101110
