111011110001100110001111010011
100010010111101001110001010100
100110010001111100001100100101
111111101000101011010101011101
101110100111010100110010011000
101000011100111100011111011111
110011110010011110100011001100
110100010010011001100000001101
010000000010110000000111011110
001010111011100100001001010101
001101011011100100000011110011
000001111010101011010111001010
110010011111011010010101000001
010110011001000011100100011101
011011010010100001111010010000
111111110100100111111100101110
000100110000011110101000011000
010111101011010101010010000110
010010010100001010101010111100
101101010111010100101011100101
110111011110010111100100001001
100001101000001101111010111000
000101001101001111100111000011
010101001101010110011001000000
100101011001100111000110100111
111000100100111110001100001110
110001000101010001101110001011
011101101000000110011001110011
111010001000110110011011010100
010001000001000111001110001010
