010111000101000101100100011010
100110010101100010111011111100
100111000101101010001000001100
100001100100101101110111010101
000100111101111110100110001110
011001001011100111100001010010
100000111111101011111101001001
111101111001111010011000001111
000111111010011100000101011101
001101110011100100111101111100
110111110010011111000111111101
001110010001101101111111111000
100010000010100101111111011101
001001101000001101010011110010
011011101010001001110001101011
010100001101000001110100101110
011110100110111000000011111100
000001111010111010011100100110
100011111110001000011101011011
010101101011010101011101000000
000100011110011010011011010000
000101010110110000100100111010
010111101100011100010101100000
011010001111100100001010101111
100100111100101011100001111001
010110110000101010101101000101
000010110001110101111001111011
011001110110101111001001110000
010101011010000110010101110110
100011100100101110001100001101
