001110001110101001001001100000
011110101100101011000010010011
000011101101010001111000000100
001010101010111110110110000100
110001010101011001010101010001
011011110111011111001101101100
101111000101010111101110101011
001001101001010101000100011110
010100111011000101101001011010
010101010101110000001101001000
100011000110000010110011110000
011110011001101100001100011000
011010110100110001000101101111
111110111001100100110101100110
011101101101001011110101010101
010000110000001111011100011001
011111111010101001111001110111
000010011100001000111010111011
111101110011000101111001011101
011100110010010110011011111010
110100001011110101111101000110
000111100111001101100011001001
110000101100011010001001011001
001111000110110010100101111010
001001111001110100010001010100
011001111011010100001011001001
101100111000110110100110010010
111111010111110110111011111100
010010111001100101101000100011
001000101001101101000101000010
