100001010001011000011001010100
000010100010010011010011101000
011101111011000011100000011010
111111010000001110111101010110
111111011111000001101101100100
111001000000011111011111101001
011110011010111001000010011001
111101001000101110011010001010
001010010000001100000111110111
001000110101010001000011011000
111101100010011000001001011000
001110101011110010011000110011
010010000110111101000110100110
000110101010001001110101100111
011011110111100000111111100000
110111110101010010111010000100
010111001000000110110110000110
100101000001101011011011111001
000101001100111110110010000101
101010000100000101011010000010
111101000001110001101101110100
000101110100001001000101100110
010001000100101000000001110010
011011111010000010100110000110
000011011101011111011000001100
010010101010101001100011001100
011000011011111100110110011010
111001001101011001110100001001
000000011101011010111010111001
000111000101001100111001101100
