000001100101001000010110000100
100110000010010011011111011001
111000000011111010110111111110
010001101110111100010010111001
000110111011011110011000101010
101101011011111001011010111011
000111111100000100101101110011
111110011011001110000101111111
010011010011001010110001011101
001000001100101101101100111010
011101111100101110100101010101
100100011011110111001100000110
110010000011101010001110001110
000111011011001110110010101010
001001010110101110011001100000
111000000010010100000001111011
000110111110011011001011001111
101110001100101111001110001001
100001110100111101001100000001
011110010101001111000000010011
101101100111101010001011110101
000100010111010101010100100100
100100000011000000111110010001
011101010011011101001110111111
000000100100101000000010001001
101101110110100110100001100011
010010000110110111010110010100
100010111100101101101111110011
000001011011110000001000101100
111110100011000101000110111000
