111001010011000001001000110101
111111010001100101110001100110
100001000001001101110101011010
011011110101111010000011100111
101000110010000111011010001011
001000010110000101010000100101
000001011010101000110111100001
100111000100001011010111101101
000111010001011101111010110101
101101010001110111110101001011
110011000011110010110101111011
000000110110010101000000110011
101111111010001111100111100000
110110111110000010011001010100
000111010110101010101110110001
110011001110011100010011100010
000010110100111110001100110101
011010011010011000011011011101
100111000001100110010100010110
000111000010111111111111011111
001010100111110011101111110001
101100000000100101010001001011
010001010001110110101101100010
001110001010100001000000011010
011000010111000110000000010100
100000101100111010011010101101
010100110110011000011100010110
100001110001001101100011100110
011100010000001100101101101001
101000111110111111011100010001
