001110100001110101001001010100
001011001101000110000110000100
111110010011100010100100110101
111101100100110101001101001101
110000001011110101000111000111
001101101101001100001001111100
111011001100001000111000100111
001101011101000100001110110000
001000110010000110010110000100
000101101111110000110011010101
000110101000100100000111111011
000000110001010011101001001010
100000010001110101110010000001
010001101110110110010101000101
011111010111111011001011001000
100110011111001001100111100010
101011100000110111100100100100
101111111011001001100000011111
100110111110111000100000101100
100101001111001000101111110111
100001111110011111111111111111
110101011011001011111101110101
000101101111011011000110111110
110111000000011100101001000010
110110001110100000000111111010
001110100100110111110111000110
011000101110101001101000111001
110001101011100011110010111001
111101111000100000010011000010
101101111100101110110100010111
