011011110100001111000111011000
011001110000101011011010110000
101011010111101111010011110111
100010101100110110011111100101
111000110100000011101001001010
110101101110111011011011010011
111011000111100001111000001110
010011011000001101111011111111
101000000111111000101100011111
001000101100101111010000010101
100001100011110101011001101000
010100000010010010000010100011
010010011111110001101111111010
100101110000101000010100010110
111000000101000001010110111110
111100101100000011111100010000
010111110110000001000100001001
111001010110010000000100011111
011010001000001011110111110100
111100110011111100011010111000
000001110000110100000111100100
010011000000101111001000010001
000110001101000001110001011110
011011010110111000001110110101
001110010100000101001111111010
111000010100110101101101000010
001100000000011011011010100110
111000111001011010100011011011
011100101110000110011000111000
111101001100111110111001011000
