100110100010000101100101110100
001010100000101101100110010111
110100110100010010110101001101
110100110111000010110100011011
011110010100111010110111011101
101100110001111100011110110010
010110110010110100101010100111
110010011000101111010010011100
001111011110100010111001001010
101000101000111101000110101101
101010100100011111001010111100
010100010000011001011000010101
100100001110010100011001101101
000111110011010110000010001000
111111000001010001101111001110
010010000101010111111010111011
011111010001111100000111100010
111010001011000011011011111101
111110000101010110000000010110
000010010110000110010111110110
101010111110100010111100010100
111001111110100111010011101101
010111000101001110011100111000
001100010111000011010100001101
101110101000101110011111101001
110011100011110101010000111011
111010001011100010001010001000
000000100000101110011110110010
111000001001011101000110100010
000011010100011101011110010110
