111001100010011011101101011001
100110001100011010111100010110
011111011100111111000001001110
010111000010010010110110111101
000000001111100011110111000000
111101111110011111111110100010
011111101000101111000111110011
010100000001000010011111001011
100111001111111111101010111100
111101110110001010010110101111
000000010110101011010100010010
010010100100111000100100001011
101110011110101101000111001111
010010101001010001010110001000
100111010100111011101111010100
101010011100111000110000101000
011011100111010101100011100110
010010100000001001101011111100
111101110000000001110111101000
001111010000010001101110110111
011011011011010000001001101100
110000011100011001101111001100
001110011100001101111011101011
011010100101100010100001111001
000100101000010110000110100010
001100000111001011011001100000
001100000101100010001011111000
000011100011000101000000011000
001010000111010011011111000011
010000010100010010110001111011
