111000010100001111101101101000
110000100111111010011100000001
111010100010011011010111110111
010111010000001000011011100001
000100100110001100110101101111
010000010101010011011011001011
001110101100010011101000100011
111100011001000000010011000100
010000111011000110101000010110
001110110101011011111010001010
011100100110000000110100000001
101010000010110010101110110101
011111100110110110000011001101
110100010000111011111110111001
101110010000101111011001101011
101110010101011110010100100110
001110101000101100010000010101
000010011101000100001100110101
101011001011101010101000101100
111000000100011100101110001001
000000110111100110100111010001
000000011100111000101110010101
010110000000000100000001011100
011110110101100001001010000110
111011011110101000000001010111
110010100100101110001111100111
001100111011100110001100100101
100100111111001101000010011001
100000001001011111110111001001
011100001011001001010000111001
