011000100111100001110000101010
010110101101011011110111011000
011110011110000011111001001100
111011100101001111010001011110
001100010010001000000000001100
110010111111001010100001000011
100100110011110100100010000101
011000001100111110001000100110
011101011110001100101000110101
101110100010110101010100001101
010100011011001110111010011000
110110001110111010100010011110
000100011101101010110101001101
100011100001101101110110111110
010100000011110010000100001111
110011110111000100001100001000
110110111001101011101110010001
101100110101010110010011100101
001001011111011011011110000010
010101101011000000010101110011
011000001101110111101010101100
011000011000011001011100001001
011001101010111000010111010001
111110011101001001100100101001
001111001101001110100001011111
100111001001110001110010110101
010010101111111011001001011000
001000010100101101000000010110
111100101101111110001000100001
010100011010000010101110100000
