001111001000110011100110101000
111101100011000001000101011110
000101001110001010000110111000
011000110110101000100011100110
110100111101100101101100110101
000010011001000001000100001000
011101111101100100001001110011
010010101001011111101000010000
110101110100010101001000101000
011111100011010000110010100001
111110011010000000001000100110
101011111111011100100011111101
000001001001001001111001010101
100101001101000010111111011011
100101010110010011110000101101
011101111001101010100001001100
011000001010101000100111100000
000111111000001010110001010000
101011011010110011111100100001
110010100011010100111111010000
100001100011000010001111001101
010011011001110000100110010101
100010011011001100011010100100
000000011010011100110100101100
010011110111110011000111011111
100011101100010101101010110111
111110011000111111011111100101
101111011001000110010111100011
010000110101000110001110010111
111010101100011111101101001101
