011010110111001111001010001100
100101010011111011111100001011
101100110011110101101010001000
110001100000000010101010010110
000101100000101011101101011100
101111111000101100110100111001
100011011011011110101101111010
011001101101110010111001101001
010001111011000000100101011110
111101100010111111101110010100
001000010011110000011111000101
001110010011000000011000000101
000100101101100110110001101010
001011000001000100100100101100
101110010000000111111000110100
011001101001101001101110001011
110111010010011001100001100000
110001101011001010100000001010
000111001000010010010101111111
101000001110111011001000111001
101000010101011111001000011000
010001000011011001000011011000
110101110000000001010111111101
010001111100000101111001111000
011110100110001101001110110001
011100101110101011111010100011
100101100010000001011000000000
100111111000101100111111000100
000100111101010010010011011111
110100011011001011010000000101
