011010111101110100001101010010
101101000100110001101000100111
011111001110000111110100001111
010100011100111111000101111111
010110110000100000111101001000
000110001110111000011011101000
000001011011011110000011010011
111110000111111001101100101000
000111101010110110111000101010
100100001101111010010000111011
010100000111011010010011011110
000100010101010001110000010100
000111100000100011111000100001
111101010110111011000010000011
000110001111001100110010100001
010011010010011110100101100101
100111111110101011001000111111
011000011110100011100001111111
110111001011000100000111100110
110010101000111111000111011001
101000101000110101001001011100
101001100000011110001101010100
001000111101110011011010001101
111010010000011001011011111111
110000101111101011010000001100
111000111000110101010011111001
101011010000110011011000110111
011110000101011000000011001011
011100100001010010001011010000
010100001110010010111011011001
