110101101000100100000001001010
000111100111101110111000001001
110101111001111010100100010001
100100101000101000010001010101
001000010101111010010010111011
101010010001010111001100100110
001011001000100001100110100110
001000000101000111110000001001
000101000010100110101111101100
001100111001010010101110010010
101110101011100001110010010011
101000110111000000000101100011
001100001111111101101010100101
000101010000100001110111000010
000110111001010010011110000111
101010001001000101001001000110
010110000101010101110101110010
010101011101000000000111110111
111110100001101000100110110011
100001111111010000100000000011
100011011100001101100011110111
111111111000010101011001000010
111001101001100110111010000101
011111011010001000010001010000
001100111100011000010111101100
010011110100010010100010001011
101001101010001010000011110010
010001101010111011010100111111
011001111011000101100000110101
000110000000111110101101101011
