101010001100000100101000110000
101010110111011110001101001010
111110011000110001011111010001
100101111011000100101111111100
101000100110110000011000110110
111010100100111110001100101011
011001100100010100101000011011
101100000111101110101001111001
111110111001111001000101110001
110111101010101000101000001011
011111011000110101000100110010
110111001101000110010111111101
010110001011010111010011100000
011001101110011000010110110111
110111001101000110111101000110
010111011010011010111000111000
010101011000100101110001110110
011011001010000100011101010101
111000001100011001110011011001
000101010010000110111110110111
111011101000101011110000111100
110001011101010110000110000000
000001000011110010011100000000
100011100011010110001001010110
110111100111101010100100000001
001001011001100110111110000000
110000101111001111001101010101
001011000001010110000101010100
101111001010001111111000100100
101101010000111111001001110001
