001100101101000111001111101001
000101010110101101101100000011
000111010011111010110011011100
001110001111000101001100100111
110001101110101010010011011011
011111000001001110111010100101
100100110111100010111101000011
011000000001010101101010001110
110011000010001100101011011110
110010011010011110010010101001
000000101000111110101001011011
001001011000010101111110100110
100111011110101101100100001100
101101000010110011001111011010
110101101111111110000100101011
111001000010101010100101110100
000110010100100001100001111011
001101111010101110011000010100
100001111011100011100100000100
100110101000000100100000100100
011110010001001100001100100000
101101101000100011111110101001
111110101011011100001110000000
001011010100011111001000011000
101000001001011101110111101010
101000000111011011100000111111
000100011110111000111101101011
100101010101101000100110111101
011111010001010010110010011110
001010001111110001011111110000
