000101001101111100001000111010
011110000111011000010110011101
111001110001011111110011010010
001000101001101010010001010000
100011100111010000101110111101
111110110011111000111100100011
100101000011010010011101010000
010110010001110000011101011111
100110100110001001001100100110
000110010111001100101000111011
001011110100110111110001110100
000101010100000001111011000111
001010001101101110010101101100
110101000010011101110100100101
000010111111111101011111010000
110010010011000111001111000011
110010011111111100000100101010
101010111100010000111001010000
000010100100000100101110010111
101000000110010010101000110111
011001100010110111011101111000
001011111000001110111101100111
010011011110011100100101000010
110111100010110100010011010010
001011011000110010000111011111
001101111110101100001110110101
100111110011101001100010110011
101010100110001101010101010110
100110001001110101000101100100
101100111000100111110001101101
