101111000110001101000001101001
100010010001000110011011011100
001010011010100111001010101111
000010000000001001100110011010
001111000000110011101001110011
110111111101101001101100010010
101010011001001110000001001110
000010100010011001011000001111
000110011110001110101111111110
110010110110010111110100101011
010100000011111111011001110001
111000110011100111001010110010
100111111100101001010010111011
010001110000100100111001011011
101001001110010111000111100100
010000101111100110100101011001
011010010111010101100100111000
011000111001000011110011100010
110001110001010010000011101100
110001011111111101011111100101
000110111011011110000001000101
001001111100111111100111011000
010000001111011011100000101100
100110001110101000000001001011
000110011110101101011100001011
001101011011110000100010010110
011100000000101111100110110011
111011001001110000100101100110
000111100100111001100001100001
010110011000011010111111111110
