110011110010111001101011011010
011010010000001111000101101101
101100000111001011001100111111
101000110011100111111110101000
100110101100011011010000011100
001000110100110010101010110000
111011000111000111110101111001
101010011111110100101011010101
010000011101100110111011100010
001100100010101011000100010100
010111110001001101010001110010
100110110111111111010001101011
100010001010101011000000010010
001010110000110100100100001011
100110010101100111111011011110
010000101101011001011111010101
100011000111000010011110001100
000010001011001101111011000011
000011111111010101110101100011
100110000111011011010110011111
011110010000011000100110100111
000111010110101110000001001101
110100011001001001111100000010
001101011111100101001001101100
111111111010001010100010100110
100000111011010110101101001100
101100110011011110101111110111
110010100111011101010101001001
001100101000111111100011000010
000110110001011010010110011110
