010111011011111100111001000110
110001000010010110000101110011
100010011011111001010111000011
000001010110101000110011001101
101011100000110111000100000100
111100011101001110110001100101
101001000011110101010011100111
011110110101110010010011010110
001011110001010110000100100101
010111011110010000100101010000
010001101010100111111000000010
110101100100100001010110110101
010000101000110100011101101101
100100101110011100111100000111
110110110100111111111011110011
010101110001111111011111101100
100001101000010001100010001110
110001000100011001000001000001
000100001100111011011101111001
100111110111011111101100111010
010101010111001001010100010010
111001100100100101110000011111
110111100011011000110010111001
011000001011010111101101001100
101101101010100111001110001111
001010010010000001101001000000
111000111111010001001110001011
011111010100111111111110001001
000010011010110110100001101001
100101001001110111100100110101
