001011011010001001010100000000
010101100110000010110100100100
110101000100010101110001111010
011000000010000010010100000000
110000000100111111110111100111
111110000010111100100110101000
101010001011110000110100111011
101101100011001111001100000000
011001110100110000101000001011
110101100111101010000110100001
010100111010100110110110010000
100111111111001010001110000000
001001101000000101010011110110
010110111100000001101110011111
110111000010100011000001100100
010001111110001101010101011010
100110101011001000011100010101
011000100001111100100010000001
000100110000101010010100001110
010100110100110101011111101110
110100111000000010100000010101
000010111001010000110000110000
100101000111110111101101111101
100101100010100110111000101100
000010101011000101110110011001
011110000101001000100001110111
011101110001101110111100001100
100010001010110001011110101100
001010010001001011001101001111
101011110100000100010010101101
