010101101100100110110001111010
011001101101101001011111110100
010100000000100011110010110010
010101100001000101101011001101
001100100110101000000111111110
001110010111101110100111011010
101011010101000110011001101111
000010110111100111001000011101
001101100101001101010101100110
001000100000011011101011111101
101011110011100111101100111111
000101010111010101101101100110
011011100100001111011100110111
101100001000011111100011011001
001010000010101100101010110111
010101111110110000000101001101
111111010110100111110100011000
111111100001101001100010100101
101010100111111101100011111001
101100101000010000010111101110
000101110100000100011100101111
101100001100010111001100000001
111000101110110111010011100001
000101000001101001110011010010
101111100110000100100010001010
000011101110101110100000010011
110101000011001010101111110110
001100100100011000010100011100
001001011100110010011010101101
100111010100000001101011101010
