111100110101110010100110101011
001110010101110100011101110001
101011100100000011010011101011
001100011011010001110010001000
101011111000110110100111011110
101101001000011000101111110111
011101001101110100110000111000
000011001100011001110000111100
010100101110110110011010100010
001110101100110101001110111101
010011000100001100000011000100
010010100100110111100000010000
000101100110101110110001111110
010110101110101100000001111011
111110010100011111001100101110
000001100010101110100110110000
101010101011100100010000010000
000110101010011010000111101011
110000100000100000011001101011
101011001101110110100111001010
011111001001101101100110000100
011101110010000100010001001101
001101010111110101101101000000
101011110000111000010010010010
101100001001111000010101101111
110100011100111111001110100001
001011111001111010101001101100
010001110100001010100011111010
101110010011010100001001110011
110100001111100010110011010001
