100101011010011101100010110101
100001001010111100111110100000
111010110010111010100110100100
011001001011011000111000001111
101111110011011101000010110100
101000001011010110110110010000
000011011001100100010110111111
110101100000011011001011010101
111011111001011000110110001111
011000000011101000110111010011
100010000101001011110111000100
100100110001110011000100111100
101001101000011110100111110011
111010100011000111011011011001
000100000111111000110101000110
100101000110011000001000001001
101111100000011111010011110011
100110110000011101110100100000
010101100000111001011110111000
100101011101011001101011101110
000101010010100011011010011000
011111110001001100010101110110
100101011000111111001101001011
110010010101101011010100110110
111000001001100110011000111110
100010011011001100001100111000
100101011010000010000010100110
111100100111100100101100011110
010111001011101110001101100011
100001100100000110001011011001
