111100000011110101111000100101
101110011101000100000001110011
100101100000010011011000000110
011011000111100000111111000110
000010101101011101101011000001
000000000110100010111110100001
110001110011000110111010010000
111011000010101101011010110010
110000011100001000101000011111
101011100010111011111110111100
000110000010011010111011111000
110010010111001101111011001110
111000110110110110010011100110
110010111010110010001101110000
100010101001110011011010011001
011110110101111010100100100111
001111101011101101110100000111
011011011011000100001000100100
011010101110000101011011110101
101111000011000010000011000110
001011100010111110110011101000
011110011110001110010111001101
000100111000110110110101100100
011000101001001011110001011110
000101110100100100011100100110
000010100101000100111001111100
000100011110000010010010010101
110111111001110110001110100110
010101101001110001010100010100
010010100001001011111001001010
