101101011001101000011111011000
101100000000111010011001111111
101101001011000100110010100010
101010111000111001101111000000
000101101110010100001010001101
110101110011100100001110111000
011111001001101001110011110101
010111111010000010100110100111
100001011110110110011000011010
101110001001010000011100001010
110000010111001000111010001001
010111000101010000010010111100
111010001000101000111001010000
011110011001001110101110001001
011011111010010110100001101010
001100001100001100010101101111
100001010001010011010011111011
101111001001100011011010010010
011010000010100010101110100011
100000010011110010001001010000
000001001000001111111010111110
100100111000111111110101000101
011110101011111101000110100010
100000101111101010011000000110
010010101000110110000111000000
111100111100111100100111000100
001101110011100111010001010100
000011101011111010111001010011
001101000111000111010100000101
001100111001100000100101111100
