111001001001111001110011000110
011100100111011011110110001110
010100110011011101101101000001
100010100011001110111101010000
001010001000100000101001000111
000001110101111100110101010000
100101111110000010111011011001
101111101011101010111000100100
001000010101000111000001000110
000111100110001001100101111011
100100001011010010100011000111
111000100100000111011110110010
101111001110001110100000101111
001011001010011011100010001100
100111011101011111010101100001
111011011011010001101101011000
111110011111101100000001100011
100001110110100010101000111100
011101000001010100101010110011
110110101101100000100101101000
111001101010000111110010101000
100000011001111101001101001010
001001001110010011101000001100
000111010101001101001110110010
110010101101000101001111101101
111100101110001101101101100101
100011001001001011010010010101
111111100001001011101101101100
111110101110110001000100110110
100010110100100110101100000101
