001001101100100110111101100110
000001011101010010100010100110
011100001101100111111111001011
010000000010010100100110100010
101101010010111011100001011011
110111100101000110011000101101
011101101000100001010110110111
010010000000111001010011110011
000110001100010101010011110010
000000111101101010000110101101
000111001000010000100010111100
001100001100100000001011100010
000101101111001100101110000101
101011101100111110001101000100
011101100111001111101011110111
011001110011001100011101101101
010100110111010011101010111000
100101110111101101100100110111
101101010101100011010010100100
001000100000101011100101111000
110110100011111011001001010011
110010011011101100010010111011
011101101100111110011100000011
000101001011011000011101101001
010001011011100110100001000001
110001101111101100001010011011
110000000011011011001011100010
000010111101000000111100011100
100111111011001111001001000011
101101010101001001000110000100
