001000110111101001000110111000
111011111111000111001111111001
110110011001011100000001000100
111110101101101110101011110110
101000011010111000100010111100
001110001011001011101100100111
011011000011011110110010001001
101101011101111101100101001111
000011111011000111110000011110
001001010111101011000110010000
000101100100111111100000011100
000110111111010100010101101100
010110111010100010101001101010
011011100011010110101111101101
001010110100000010110011100101
111110101000000000101001000111
000001100001000101001101000101
101010110101101010010010100010
001001011011010101010110000000
100011101010110010001000111100
100011011001110001010000010100
000110100001100100001011100110
100000100010111100000100101001
011110011101000101001101111001
001101000000100000000100111011
111011001011001001000110100100
001011111001110110011001110000
101100100010010111001010011100
101100111001110110110001010100
100100000001111100001001100011
