000111101010010010110001011101
100100100100011000101101011100
100101111100101010011000011101
011111010001100011100110110000
000111011001110010011111101010
111101010000100010000111111101
010001000001111110000001000001
100101110011010100101101011110
001010010011110010101011110001
110001010101111000100100011111
101000000111101010011000010010
001001100001011101110001001010
110001001100111010001010110010
000110011110000000001010011011
110011000101101101101001101111
111000001010110100001110010011
001101101011010110110010101101
010011100011111101010100000000
001110111000000011010101000010
000101101010100101110000111110
100100010111000011000110000111
000100100101001010000111001011
101010010110101100110101000100
101011001011111111010110100010
100100110111011000111110011001
101000000101001110111111110001
001000011100101111000010101101
000010000100011111001100011111
100100100011011011110001101011
110010011111101010010010110111
