100010111011101001111111110000
010001100111101111000011001110
010100111101110001111101110010
100000010101111101000100000101
100110010101101101011001010101
000010001110100000001001000011
101100111100101111000110111010
100111111000001111111001000111
000010001111110101111011100100
011010101101101000010001110010
110100000111101010111101001011
111001110000001010111000110011
101100000111100111011010101000
011100100110010100111110010110
100001011010011010000110010011
000101011001100100010010110110
010100101011011010001001000000
011101100101011110110001101110
011100100110101000001101001001
111001010011101000011000000010
111000001110010111011101110110
011011101010111001001111000110
110000111110000110110001110001
000011101101001011001101000101
010110011000000001010110000111
000000100010011110000000100001
111011111111111001100100010001
010001111001110001100110101110
001001100110100001001111010000
000001101001100001101000100111
